0 	0.0010547895804751 	0 	0.0010547895804751 	
0.001 	5.82436679321554E-06 	1 	5.82436679321554E-06 	
0.002 	5.88995877469452E-06 	2 	5.88995877469452E-06 	
0.003 	6.02433490122759E-06 	3 	6.02433490122759E-06 	
0.004 	5.58560653680708E-06 	4 	5.58560653680708E-06 	
0.005 	5.61275029955982E-06 	5 	5.61275029955982E-06 	
0.006 	5.72333554823979E-06 	6 	5.72333554823979E-06 	
0.007 	5.89687248491197E-06 	7 	5.89687248491197E-06 	
0.008 	5.85163476670909E-06 	8 	5.85163476670909E-06 	
0.009 	5.81625582204277E-06 	9 	5.81625582204277E-06 	
0.01 	5.80719477323899E-06 	10 	5.80719477323899E-06 	
0.011 	5.96931001372762E-06 	11 	5.96931001372762E-06 	
0.012 	6.04066934830015E-06 	12 	6.04066934830015E-06 	
0.013 	6.0624922227088E-06 	13 	6.0624922227088E-06 	
0.014 	5.99181114760544E-06 	14 	5.99181114760544E-06 	
0.015 	6.04804667484311E-06 	15 	6.04804667484311E-06 	
0.016 	6.1724860234182E-06 	16 	6.1724860234182E-06 	
0.017 	6.29091604434093E-06 	17 	6.29091604434093E-06 	
0.018 	6.33471540914988E-06 	18 	6.33471540914988E-06 	
0.019 	6.34606417510286E-06 	19 	6.34606417510286E-06 	
0.02 	6.5844132773032E-06 	20 	6.5844132773032E-06 	
0.021 	6.3069051722722E-06 	21 	6.3069051722722E-06 	
0.022 	6.55188860385313E-06 	22 	6.55188860385313E-06 	
0.023 	6.62618567658564E-06 	23 	6.62618567658564E-06 	
0.024 	6.72250396157604E-06 	24 	6.72250396157604E-06 	
0.025 	6.82561087321572E-06 	25 	6.82561087321572E-06 	
0.026 	6.9323244747683E-06 	26 	6.9323244747683E-06 	
0.027 	7.04894252513442E-06 	27 	7.04894252513442E-06 	
0.028 	7.12845674496134E-06 	28 	7.12845674496134E-06 	
0.029 	7.19590896893573E-06 	29 	7.19590896893573E-06 	
0.03 	7.28223169995775E-06 	30 	7.28223169995775E-06 	
0.031 	7.47877297003006E-06 	31 	7.47877297003006E-06 	
0.032 	7.59646352920116E-06 	32 	7.59646352920116E-06 	
0.033 	7.75899040611012E-06 	33 	7.75899040611012E-06 	
0.034 	8.02354202567006E-06 	34 	8.02354202567006E-06 	
0.035 	8.05745645545631E-06 	35 	8.05745645545631E-06 	
0.036 	8.2399167633346E-06 	36 	8.2399167633346E-06 	
0.037 	8.47240098877457E-06 	37 	8.47240098877457E-06 	
0.038 	8.7762983231847E-06 	38 	8.7762983231847E-06 	
0.039 	8.71593139663402E-06 	39 	8.71593139663402E-06 	
0.04 	9.13472101790192E-06 	40 	9.13472101790192E-06 	
0.041 	9.36149572953574E-06 	41 	9.36149572953574E-06 	
0.042 	9.38779885665604E-06 	42 	9.38779885665604E-06 	
0.043 	9.79852144844211E-06 	43 	9.79852144844211E-06 	
0.044 	1.00645483747286E-05 	44 	1.00645483747286E-05 	
0.045 	1.03594900544494E-05 	45 	1.03594900544494E-05 	
0.046 	1.06736956151359E-05 	46 	1.06736956151359E-05 	
0.047 	1.0917540088052E-05 	47 	1.0917540088052E-05 	
0.048 	1.12258669486239E-05 	48 	1.12258669486239E-05 	
0.049 	1.16934189824059E-05 	49 	1.16934189824059E-05 	
0.05 	1.2149092679414E-05 	50 	1.2149092679414E-05 	
0.051 	1.25511687888893E-05 	51 	1.25511687888893E-05 	
0.052 	1.2862589737588E-05 	52 	1.2862589737588E-05 	
0.053 	1.32306157046221E-05 	53 	1.32306157046221E-05 	
0.054 	1.38848791122294E-05 	54 	1.38848791122294E-05 	
0.055 	1.43439246722693E-05 	55 	1.43439246722693E-05 	
0.056 	1.47848461995531E-05 	56 	1.47848461995531E-05 	
0.057 	1.56644708895349E-05 	57 	1.56644708895349E-05 	
0.058 	1.63345855207447E-05 	58 	1.63345855207447E-05 	
0.059 	1.69029073095215E-05 	59 	1.69029073095215E-05 	
0.06 	1.78381916738407E-05 	60 	1.78381916738407E-05 	
0.061 	1.85286391096293E-05 	61 	1.85286391096293E-05 	
0.062 	1.93729343506082E-05 	62 	1.93729343506082E-05 	
0.063 	2.04218988382696E-05 	63 	2.04218988382696E-05 	
0.064 	2.1251502686528E-05 	64 	2.1251502686528E-05 	
0.065 	2.24277830021446E-05 	65 	2.24277830021446E-05 	
0.066 	2.35555006901331E-05 	66 	2.35555006901331E-05 	
0.067 	2.50401475266826E-05 	67 	2.50401475266826E-05 	
0.068 	2.65608089236299E-05 	68 	2.65608089236299E-05 	
0.069 	2.8075811274624E-05 	69 	2.8075811274624E-05 	
0.07 	2.96691427322382E-05 	70 	2.96691427322382E-05 	
0.071 	3.17585228764634E-05 	71 	3.17585228764634E-05 	
0.072 	3.39798333745638E-05 	72 	3.39798333745638E-05 	
0.073 	3.62642446311674E-05 	73 	3.62642446311674E-05 	
0.074 	3.90105761140669E-05 	74 	3.90105761140669E-05 	
0.075 	4.20538351576152E-05 	75 	4.20538351576152E-05 	
0.076 	4.52238356044802E-05 	76 	4.52238356044802E-05 	
0.077 	4.9249130796572E-05 	77 	4.9249130796572E-05 	
0.078 	5.34672565494784E-05 	78 	5.34672565494784E-05 	
0.079 	5.83314688348137E-05 	79 	5.83314688348137E-05 	
0.08 	6.4133775783067E-05 	80 	6.4133775783067E-05 	
0.081 	7.06192499641415E-05 	81 	7.06192499641415E-05 	
0.082 	7.82054149282176E-05 	82 	7.82054149282176E-05 	
0.083 	8.79082445756723E-05 	83 	8.79082445756723E-05 	
0.084 	9.82330212096033E-05 	84 	9.82330212096033E-05 	
0.085 	0.000111119982423479 	85 	0.000111119982423479 	
0.086 	0.000126899661664364 	86 	0.000126899661664364 	
0.087 	0.000146410574438175 	87 	0.000146410574438175 	
0.088 	0.000170849267843836 	88 	0.000170849267843836 	
0.089 	0.000200795050586407 	89 	0.000200795050586407 	
0.09 	0.000245053112605973 	90 	0.000245053112605973 	
0.091 	0.000298022372328526 	91 	0.000298022372328526 	
0.092 	0.000372873384180808 	92 	0.000372873384180808 	
0.093 	0.000482296131906387 	93 	0.000482296131906387 	
0.094 	0.00063731124016865 	94 	0.00063731124016865 	
0.095 	0.000896374874174448 	95 	0.000896374874174448 	
0.096 	0.00135296517599711 	96 	0.00135296517599711 	
0.097 	0.0023200589646731 	97 	0.0023200589646731 	
0.098 	0.00464572816378085 	98 	0.00464572816378085 	
0.099 	0.0139541473034276 	99 	0.0139541473034276 	
0.1 	0.204566944010159 	100 	0.204566944010159 	
0.101 	0.0613251743483958 	101 	0.0613251743483958 	
0.102 	0.00947514903833577 	102 	0.00947514903833577 	
0.103 	0.00365388309491758 	103 	0.00365388309491758 	
0.104 	0.0019256403901417 	104 	0.0019256403901417 	
0.105 	0.0011825356012358 	105 	0.0011825356012358 	
0.106 	0.000799776842277466 	106 	0.000799776842277466 	
0.107 	0.000574649100782681 	107 	0.000574649100782681 	
0.108 	0.000437578664246904 	108 	0.000437578664246904 	
0.109 	0.000341212726075878 	109 	0.000341212726075878 	
0.11 	0.000273361805575024 	110 	0.000273361805575024 	
0.111 	0.000227427443373954 	111 	0.000227427443373954 	
0.112 	0.000188225252753986 	112 	0.000188225252753986 	
0.113 	0.000158846790942747 	113 	0.000158846790942747 	
0.114 	0.0001368738456179 	114 	0.0001368738456179 	
0.115 	0.000118485640862837 	115 	0.000118485640862837 	
0.116 	0.000103753737952478 	116 	0.000103753737952478 	
0.117 	9.16445042489591E-05 	117 	9.16445042489591E-05 	
0.118 	8.21602333146993E-05 	118 	8.21602333146993E-05 	
0.119 	7.30729350091446E-05 	119 	7.30729350091446E-05 	
0.12 	6.63464440957823E-05 	120 	6.63464440957823E-05 	
0.121 	5.98748525492999E-05 	121 	5.98748525492999E-05 	
0.122 	5.39413043806671E-05 	122 	5.39413043806671E-05 	
0.123 	4.94892739771822E-05 	123 	4.94892739771822E-05 	
0.124 	4.53343287579208E-05 	124 	4.53343287579208E-05 	
0.125 	4.20225975742235E-05 	125 	4.20225975742235E-05 	
0.126 	3.87317874995389E-05 	126 	3.87317874995389E-05 	
0.127 	3.59908169153968E-05 	127 	3.59908169153968E-05 	
0.128 	3.34807753024215E-05 	128 	3.34807753024215E-05 	
0.129 	3.08617007807892E-05 	129 	3.08617007807892E-05 	
0.13 	2.89880380917687E-05 	130 	2.89880380917687E-05 	
0.131 	2.71445520954068E-05 	131 	2.71445520954068E-05 	
0.132 	2.54655394895654E-05 	132 	2.54655394895654E-05 	
0.133 	2.38892789159001E-05 	133 	2.38892789159001E-05 	
0.134 	2.26535493836245E-05 	134 	2.26535493836245E-05 	
0.135 	2.13877104579783E-05 	135 	2.13877104579783E-05 	
0.136 	2.00348693624585E-05 	136 	2.00348693624585E-05 	
0.137 	1.90055969679125E-05 	137 	1.90055969679125E-05 	
0.138 	1.80119044832784E-05 	138 	1.80119044832784E-05 	
0.139 	1.70886396696449E-05 	139 	1.70886396696449E-05 	
0.14 	1.63499683069132E-05 	140 	1.63499683069132E-05 	
0.141 	1.54997075401225E-05 	141 	1.54997075401225E-05 	
0.142 	1.47939992984112E-05 	142 	1.47939992984112E-05 	
0.143 	1.40326112021714E-05 	143 	1.40326112021714E-05 	
0.144 	1.34430758964434E-05 	144 	1.34430758964434E-05 	
0.145 	1.29435049456103E-05 	145 	1.29435049456103E-05 	
0.146 	1.23023444595453E-05 	146 	1.23023444595453E-05 	
0.147 	1.19558713601927E-05 	147 	1.19558713601927E-05 	
0.148 	1.14318301325485E-05 	148 	1.14318301325485E-05 	
0.149 	1.09324495933925E-05 	149 	1.09324495933925E-05 	
0.15 	1.05746882365947E-05 	150 	1.05746882365947E-05 	
0.151 	1.01899413025521E-05 	151 	1.01899413025521E-05 	
0.152 	9.8069894689056E-06 	152 	9.8069894689056E-06 	
0.153 	9.2729639475338E-06 	153 	9.2729639475338E-06 	
0.154 	9.04231299009657E-06 	154 	9.04231299009657E-06 	
0.155 	8.6360839972877E-06 	155 	8.6360839972877E-06 	
0.156 	8.41209868859129E-06 	156 	8.41209868859129E-06 	
0.157 	8.02711163040846E-06 	157 	8.02711163040846E-06 	
0.158 	7.85217713975605E-06 	158 	7.85217713975605E-06 	
0.159 	7.66490098033862E-06 	159 	7.66490098033862E-06 	
0.16 	7.32965307913608E-06 	160 	7.32965307913608E-06 	
0.161 	7.13252673608236E-06 	161 	7.13252673608236E-06 	
0.162 	6.81803530484582E-06 	162 	6.81803530484582E-06 	
0.163 	6.73466033462679E-06 	163 	6.73466033462679E-06 	
0.164 	6.47088983066676E-06 	164 	6.47088983066676E-06 	
0.165 	6.22273108306288E-06 	165 	6.22273108306288E-06 	
0.166 	6.13304686210886E-06 	166 	6.13304686210886E-06 	
0.167 	5.88131243320438E-06 	167 	5.88131243320438E-06 	
0.168 	5.72423780483529E-06 	168 	5.72423780483529E-06 	
0.169 	5.65787563629807E-06 	169 	5.65787563629807E-06 	
0.17 	5.38853716921433E-06 	170 	5.38853716921433E-06 	
0.171 	5.32400750907909E-06 	171 	5.32400750907909E-06 	
0.172 	5.19302622099006E-06 	172 	5.19302622099006E-06 	
0.173 	5.01182304229533E-06 	173 	5.01182304229533E-06 	
0.174 	4.88362500652989E-06 	174 	4.88362500652989E-06 	
0.175 	4.74538852667324E-06 	175 	4.74538852667324E-06 	
0.176 	4.71694045426069E-06 	176 	4.71694045426069E-06 	
0.177 	4.47302328260546E-06 	177 	4.47302328260546E-06 	
0.178 	4.46819637175714E-06 	178 	4.46819637175714E-06 	
0.179 	4.27491934150852E-06 	179 	4.27491934150852E-06 	
0.18 	4.53533678917053E-06 	180 	4.53533678917053E-06 	
0.181 	4.08915231489845E-06 	181 	4.08915231489845E-06 	
0.182 	3.98926393289358E-06 	182 	3.98926393289358E-06 	
0.183 	4.0022230523842E-06 	183 	4.0022230523842E-06 	
0.184 	3.75455204110175E-06 	184 	3.75455204110175E-06 	
0.185 	3.71611694773107E-06 	185 	3.71611694773107E-06 	
0.186 	3.63077078833896E-06 	186 	3.63077078833896E-06 	
0.187 	3.52054981781913E-06 	187 	3.52054981781913E-06 	
0.188 	3.5045468465288E-06 	188 	3.5045468465288E-06 	
0.189 	3.35237127012442E-06 	189 	3.35237127012442E-06 	
0.19 	3.27831153435469E-06 	190 	3.27831153435469E-06 	
0.191 	3.13557909175592E-06 	191 	3.13557909175592E-06 	
0.192 	3.07703469059269E-06 	192 	3.07703469059269E-06 	
0.193 	2.97417063873766E-06 	193 	2.97417063873766E-06 	
0.194 	2.88098815790216E-06 	194 	2.88098815790216E-06 	
0.195 	2.78181848106144E-06 	195 	2.78181848106144E-06 	
0.196 	2.7068464694562E-06 	196 	2.7068464694562E-06 	
0.197 	2.82316845229704E-06 	197 	2.82316845229704E-06 	
0.198 	2.17685221917847E-06 	198 	2.17685221917847E-06 	
0.199 	1.76300284210305E-06 	199 	1.76300284210305E-06 	
0.2 	6.06123373791289E-07 	200 	6.06123373791289E-07 	
0.201 	1.48219854493776E-05 	201 	1.48219854493776E-05 	
0.202 	4.67298501414744E-06 	202 	4.67298501414744E-06 	
0.203 	3.75369620696455E-06 	203 	3.75369620696455E-06 	
0.204 	3.38842108648257E-06 	204 	3.38842108648257E-06 	
0.205 	3.12258330629595E-06 	205 	3.12258330629595E-06 	
0.206 	3.01983388986611E-06 	206 	3.01983388986611E-06 	
0.207 	2.93000389971176E-06 	207 	2.93000389971176E-06 	
0.208 	2.56623424115573E-06 	208 	2.56623424115573E-06 	
0.209 	2.64568302195793E-06 	209 	2.64568302195793E-06 	
0.21 	2.66850810720959E-06 	210 	2.66850810720959E-06 	
0.211 	2.66804590031425E-06 	211 	2.66804590031425E-06 	
0.212 	2.46297575662667E-06 	212 	2.46297575662667E-06 	
0.213 	2.49801205186265E-06 	213 	2.49801205186265E-06 	
0.214 	2.44605293548928E-06 	214 	2.44605293548928E-06 	
0.215 	2.3149110438043E-06 	215 	2.3149110438043E-06 	
0.216 	2.30481314861946E-06 	216 	2.30481314861946E-06 	
0.217 	2.26191148637831E-06 	217 	2.26191148637831E-06 	
0.218 	2.22586654858349E-06 	218 	2.22586654858349E-06 	
0.219 	2.1874978435413E-06 	219 	2.1874978435413E-06 	
0.22 	2.21336591137286E-06 	220 	2.21336591137286E-06 	
0.221 	2.14655845495666E-06 	221 	2.14655845495666E-06 	
0.222 	2.12248599658714E-06 	222 	2.12248599658714E-06 	
0.223 	2.04405610179093E-06 	223 	2.04405610179093E-06 	
0.224 	2.04630818639658E-06 	224 	2.04630818639658E-06 	
0.225 	1.97663035577174E-06 	225 	1.97663035577174E-06 	
0.226 	1.98197717726467E-06 	226 	1.98197717726467E-06 	
0.227 	1.97959673357598E-06 	227 	1.97959673357598E-06 	
0.228 	1.87391996815581E-06 	228 	1.87391996815581E-06 	
0.229 	1.95626499174911E-06 	229 	1.95626499174911E-06 	
0.23 	1.88048361240292E-06 	230 	1.88048361240292E-06 	
0.231 	1.81271340660345E-06 	231 	1.81271340660345E-06 	
0.232 	1.82147015040919E-06 	232 	1.82147015040919E-06 	
0.233 	1.86647127805715E-06 	233 	1.86647127805715E-06 	
0.234 	1.70907693413832E-06 	234 	1.70907693413832E-06 	
0.235 	1.75525256130048E-06 	235 	1.75525256130048E-06 	
0.236 	1.71202911300882E-06 	236 	1.71202911300882E-06 	
0.237 	1.70843905474081E-06 	237 	1.70843905474081E-06 	
0.238 	1.69903671530249E-06 	238 	1.69903671530249E-06 	
0.239 	1.61577065994191E-06 	239 	1.61577065994191E-06 	
0.24 	1.67166861013332E-06 	240 	1.67166861013332E-06 	
0.241 	1.65321687047191E-06 	241 	1.65321687047191E-06 	
0.242 	1.63018995260328E-06 	242 	1.63018995260328E-06 	
0.243 	1.61887928675653E-06 	243 	1.61887928675653E-06 	
0.244 	1.63188038069697E-06 	244 	1.63188038069697E-06 	
0.245 	1.52440216841191E-06 	245 	1.52440216841191E-06 	
0.246 	1.51342178752755E-06 	246 	1.51342178752755E-06 	
0.247 	1.52730241904961E-06 	247 	1.52730241904961E-06 	
0.248 	1.50575408369174E-06 	248 	1.50575408369174E-06 	
0.249 	1.45492879286818E-06 	249 	1.45492879286818E-06 	
0.25 	1.44545486464667E-06 	250 	1.44545486464667E-06 	
0.251 	1.43643465974827E-06 	251 	1.43643465974827E-06 	
0.252 	1.42512799542197E-06 	252 	1.42512799542197E-06 	
0.253 	1.42247509664818E-06 	253 	1.42247509664818E-06 	
0.254 	1.40702382819809E-06 	254 	1.40702382819809E-06 	
0.255 	1.41611268047364E-06 	255 	1.41611268047364E-06 	
0.256 	1.34392300362974E-06 	256 	1.34392300362974E-06 	
0.257 	1.35322464693637E-06 	257 	1.35322464693637E-06 	
0.258 	1.36280354588716E-06 	258 	1.36280354588716E-06 	
0.259 	1.32704849388251E-06 	259 	1.32704849388251E-06 	
0.26 	1.29736992393802E-06 	260 	1.29736992393802E-06 	
0.261 	1.30856043211829E-06 	261 	1.30856043211829E-06 	
0.262 	1.32910956057147E-06 	262 	1.32910956057147E-06 	
0.263 	1.26253646242677E-06 	263 	1.26253646242677E-06 	
0.264 	1.295558775545E-06 	264 	1.295558775545E-06 	
0.265 	1.25422325254892E-06 	265 	1.25422325254892E-06 	
0.266 	1.25330744252498E-06 	266 	1.25330744252498E-06 	
0.267 	1.21175409148058E-06 	267 	1.21175409148058E-06 	
0.268 	1.2518900578818E-06 	268 	1.2518900578818E-06 	
0.269 	1.21067541601901E-06 	269 	1.21067541601901E-06 	
0.27 	1.17336388853774E-06 	270 	1.17336388853774E-06 	
0.271 	1.22358711149585E-06 	271 	1.22358711149585E-06 	
0.272 	1.17576422312552E-06 	272 	1.17576422312552E-06 	
0.273 	1.15107684663294E-06 	273 	1.15107684663294E-06 	
0.274 	1.16375496523539E-06 	274 	1.16375496523539E-06 	
0.275 	1.15085081264112E-06 	275 	1.15085081264112E-06 	
0.276 	1.15565194196844E-06 	276 	1.15565194196844E-06 	
0.277 	1.12791305827042E-06 	277 	1.12791305827042E-06 	
0.278 	1.11082899142203E-06 	278 	1.11082899142203E-06 	
0.279 	1.10461766821698E-06 	279 	1.10461766821698E-06 	
0.28 	1.04103840076967E-06 	280 	1.04103840076967E-06 	
0.281 	1.08378495912666E-06 	281 	1.08378495912666E-06 	
0.282 	1.06794160669071E-06 	282 	1.06794160669071E-06 	
0.283 	1.0419720740049E-06 	283 	1.0419720740049E-06 	
0.284 	1.0620050492267E-06 	284 	1.0620050492267E-06 	
0.285 	1.10224397927328E-06 	285 	1.10224397927328E-06 	
0.286 	1.05155286676576E-06 	286 	1.05155286676576E-06 	
0.287 	9.00057483195102E-07 	287 	9.00057483195102E-07 	
0.288 	1.01271498941781E-06 	288 	1.01271498941781E-06 	
0.289 	9.92240609013616E-07 	289 	9.92240609013616E-07 	
0.29 	8.6401313730019E-07 	290 	8.6401313730019E-07 	
0.291 	1.08595687636615E-06 	291 	1.08595687636615E-06 	
0.292 	1.0014178156584E-06 	292 	1.0014178156584E-06 	
0.293 	9.68463367290784E-07 	293 	9.68463367290784E-07 	
0.294 	9.34781039250634E-07 	294 	9.34781039250634E-07 	
0.295 	9.07980914177429E-07 	295 	9.07980914177429E-07 	
0.296 	8.48348409250439E-07 	296 	8.48348409250439E-07 	
0.297 	6.25436768186095E-07 	297 	6.25436768186095E-07 	
0.298 	1.60602821236192E-06 	298 	1.60602821236192E-06 	
0.299 	1.21381994560296E-06 	299 	1.21381994560296E-06 	
0.3 	1.33738699867465E-06 	300 	1.33738699867465E-06 	
0.301 	9.68864725956454E-06 	301 	9.68864725956454E-06 	
0.302 	8.21346605161811E-07 	302 	8.21346605161811E-07 	
0.303 	8.68002757207013E-07 	303 	8.68002757207013E-07 	
0.304 	8.21788356995303E-07 	304 	8.21788356995303E-07 	
0.305 	1.22370547485445E-06 	305 	1.22370547485445E-06 	
0.306 	1.01918536598662E-06 	306 	1.01918536598662E-06 	
0.307 	1.00561101999826E-06 	307 	1.00561101999826E-06 	
0.308 	1.48338272044598E-06 	308 	1.48338272044598E-06 	
0.309 	8.37487048749366E-07 	309 	8.37487048749366E-07 	
0.31 	8.44430149428132E-07 	310 	8.44430149428132E-07 	
0.311 	8.74281906379085E-07 	311 	8.74281906379085E-07 	
0.312 	8.65962568212635E-07 	312 	8.65962568212635E-07 	
0.313 	8.37306644622294E-07 	313 	8.37306644622294E-07 	
0.314 	8.58408959523713E-07 	314 	8.58408959523713E-07 	
0.315 	9.22615731462102E-07 	315 	9.22615731462102E-07 	
0.316 	7.83421525928006E-07 	316 	7.83421525928006E-07 	
0.317 	8.73385348847891E-07 	317 	8.73385348847891E-07 	
0.318 	8.42094016772836E-07 	318 	8.42094016772836E-07 	
0.319 	8.00025979512987E-07 	319 	8.00025979512987E-07 	
0.32 	8.02965292798291E-07 	320 	8.02965292798291E-07 	
0.321 	7.95346349333276E-07 	321 	7.95346349333276E-07 	
0.322 	8.13951358772875E-07 	322 	8.13951358772875E-07 	
0.323 	8.12293664150916E-07 	323 	8.12293664150916E-07 	
0.324 	8.07720470461757E-07 	324 	8.07720470461757E-07 	
0.325 	8.12608876287697E-07 	325 	8.12608876287697E-07 	
0.326 	8.13119917283458E-07 	326 	8.13119917283458E-07 	
0.327 	7.72950301645583E-07 	327 	7.72950301645583E-07 	
0.328 	7.86468130672434E-07 	328 	7.86468130672434E-07 	
0.329 	7.82471664325197E-07 	329 	7.82471664325197E-07 	
0.33 	7.90501566011149E-07 	330 	7.90501566011149E-07 	
0.331 	7.80067919323957E-07 	331 	7.80067919323957E-07 	
0.332 	7.85096064767243E-07 	332 	7.85096064767243E-07 	
0.333 	7.77300114913303E-07 	333 	7.77300114913303E-07 	
0.334 	7.70919677441966E-07 	334 	7.70919677441966E-07 	
0.335 	7.79051559405652E-07 	335 	7.79051559405652E-07 	
0.336 	7.57048619665104E-07 	336 	7.57048619665104E-07 	
0.337 	7.79469400639117E-07 	337 	7.79469400639117E-07 	
0.338 	7.49647566882946E-07 	338 	7.49647566882946E-07 	
0.339 	7.56994945395934E-07 	339 	7.56994945395934E-07 	
0.34 	7.59968875551477E-07 	340 	7.59968875551477E-07 	
0.341 	7.46296313539595E-07 	341 	7.46296313539595E-07 	
0.342 	7.5879027753222E-07 	342 	7.5879027753222E-07 	
0.343 	7.39874445433535E-07 	343 	7.39874445433535E-07 	
0.344 	7.12056882409652E-07 	344 	7.12056882409652E-07 	
0.345 	7.34935931706036E-07 	345 	7.34935931706036E-07 	
0.346 	7.13379244736581E-07 	346 	7.13379244736581E-07 	
0.347 	7.34084538767307E-07 	347 	7.34084538767307E-07 	
0.348 	7.25131749537613E-07 	348 	7.25131749537613E-07 	
0.349 	7.13110486605558E-07 	349 	7.13110486605558E-07 	
0.35 	7.14152312298042E-07 	350 	7.14152312298042E-07 	
0.351 	6.90716456927015E-07 	351 	6.90716456927015E-07 	
0.352 	6.96977889989443E-07 	352 	6.96977889989443E-07 	
0.353 	6.87472129002857E-07 	353 	6.87472129002857E-07 	
0.354 	7.46765730954926E-07 	354 	7.46765730954926E-07 	
0.355 	6.73760195224645E-07 	355 	6.73760195224645E-07 	
0.356 	7.10593670857442E-07 	356 	7.10593670857442E-07 	
0.357 	6.91279189817798E-07 	357 	6.91279189817798E-07 	
0.358 	6.65100715411076E-07 	358 	6.65100715411076E-07 	
0.359 	6.63133209432365E-07 	359 	6.63133209432365E-07 	
0.36 	6.88821382110075E-07 	360 	6.88821382110075E-07 	
0.361 	6.84575730754293E-07 	361 	6.84575730754293E-07 	
0.362 	6.50767707638293E-07 	362 	6.50767707638293E-07 	
0.363 	6.48767305015472E-07 	363 	6.48767305015472E-07 	
0.364 	6.86725736869493E-07 	364 	6.86725736869493E-07 	
0.365 	6.7484156542386E-07 	365 	6.7484156542386E-07 	
0.366 	6.83097853915286E-07 	366 	6.83097853915286E-07 	
0.367 	6.38919407538011E-07 	367 	6.38919407538011E-07 	
0.368 	6.58695399590754E-07 	368 	6.58695399590754E-07 	
0.369 	6.60568502441733E-07 	369 	6.60568502441733E-07 	
0.37 	6.5854893114818E-07 	370 	6.5854893114818E-07 	
0.371 	6.55338418292333E-07 	371 	6.55338418292333E-07 	
0.372 	6.40612697024527E-07 	372 	6.40612697024527E-07 	
0.373 	6.80472411817796E-07 	373 	6.80472411817796E-07 	
0.374 	6.64256591582967E-07 	374 	6.64256591582967E-07 	
0.375 	6.42908007464389E-07 	375 	6.42908007464389E-07 	
0.376 	6.39733400951169E-07 	376 	6.39733400951169E-07 	
0.377 	6.68714537054641E-07 	377 	6.68714537054641E-07 	
0.378 	6.39649824363428E-07 	378 	6.39649824363428E-07 	
0.379 	6.21938350025368E-07 	379 	6.21938350025368E-07 	
0.38 	6.21115035382469E-07 	380 	6.21115035382469E-07 	
0.381 	6.33093905441866E-07 	381 	6.33093905441866E-07 	
0.382 	6.21997422394727E-07 	382 	6.21997422394727E-07 	
0.383 	6.27385884008777E-07 	383 	6.27385884008777E-07 	
0.384 	6.14940856949335E-07 	384 	6.14940856949335E-07 	
0.385 	6.16046433779416E-07 	385 	6.16046433779416E-07 	
0.386 	6.31326310197608E-07 	386 	6.31326310197608E-07 	
0.387 	6.22920714345175E-07 	387 	6.22920714345175E-07 	
0.388 	6.39999945154629E-07 	388 	6.39999945154629E-07 	
0.389 	6.30885979845467E-07 	389 	6.30885979845467E-07 	
0.39 	6.11059300195282E-07 	390 	6.11059300195282E-07 	
0.391 	6.02444277103014E-07 	391 	6.02444277103014E-07 	
0.392 	6.06750546521064E-07 	392 	6.06750546521064E-07 	
0.393 	6.09484651357376E-07 	393 	6.09484651357376E-07 	
0.394 	6.31867990068231E-07 	394 	6.31867990068231E-07 	
0.395 	5.94944705272454E-07 	395 	5.94944705272454E-07 	
0.396 	5.81659951318492E-07 	396 	5.81659951318492E-07 	
0.397 	6.14070647146739E-07 	397 	6.14070647146739E-07 	
0.398 	4.97098895140686E-07 	398 	4.97098895140686E-07 	
0.399 	5.74681744132779E-07 	399 	5.74681744132779E-07 	
0.4 	6.33171651659885E-07 	400 	6.33171651659885E-07 	
0.401 	8.5088490233166E-07 	401 	8.5088490233166E-07 	
0.402 	6.5672080084727E-07 	402 	6.5672080084727E-07 	
0.403 	5.84065656699007E-07 	403 	5.84065656699007E-07 	
0.404 	5.71152922359801E-07 	404 	5.71152922359801E-07 	
0.405 	6.72661231534423E-07 	405 	6.72661231534423E-07 	
0.406 	5.91981503261382E-07 	406 	5.91981503261382E-07 	
0.407 	5.81222974802704E-07 	407 	5.81222974802704E-07 	
0.408 	6.21400186411123E-07 	408 	6.21400186411123E-07 	
0.409 	5.30186287620366E-07 	409 	5.30186287620366E-07 	
0.41 	5.48510371677916E-07 	410 	5.48510371677916E-07 	
0.411 	5.50387124129911E-07 	411 	5.50387124129911E-07 	
0.412 	5.58805013512834E-07 	412 	5.58805013512834E-07 	
0.413 	5.70881285067064E-07 	413 	5.70881285067064E-07 	
0.414 	5.76116240847568E-07 	414 	5.76116240847568E-07 	
0.415 	5.57866615813478E-07 	415 	5.57866615813478E-07 	
0.416 	5.8656784257188E-07 	416 	5.8656784257188E-07 	
0.417 	5.63434709481683E-07 	417 	5.63434709481683E-07 	
0.418 	5.58649264439706E-07 	418 	5.58649264439706E-07 	
0.419 	5.7324132451058E-07 	419 	5.7324132451058E-07 	
0.42 	5.47255280434798E-07 	420 	5.47255280434798E-07 	
0.421 	5.40394572702339E-07 	421 	5.40394572702339E-07 	
0.422 	5.66517942253168E-07 	422 	5.66517942253168E-07 	
0.423 	5.60630691951793E-07 	423 	5.60630691951793E-07 	
0.424 	5.52042259516387E-07 	424 	5.52042259516387E-07 	
0.425 	5.48539695008033E-07 	425 	5.48539695008033E-07 	
0.426 	5.61241694444448E-07 	426 	5.61241694444448E-07 	
0.427 	5.68345431763913E-07 	427 	5.68345431763913E-07 	
0.428 	5.57424075134677E-07 	428 	5.57424075134677E-07 	
0.429 	5.45800078485785E-07 	429 	5.45800078485785E-07 	
0.43 	5.51230437968146E-07 	430 	5.51230437968146E-07 	
0.431 	5.53967472563132E-07 	431 	5.53967472563132E-07 	
0.432 	5.53471023025227E-07 	432 	5.53471023025227E-07 	
0.433 	5.61471296011727E-07 	433 	5.61471296011727E-07 	
0.434 	5.35011748057336E-07 	434 	5.35011748057336E-07 	
0.435 	5.5763739379143E-07 	435 	5.5763739379143E-07 	
0.436 	5.5015166862705E-07 	436 	5.5015166862705E-07 	
0.437 	5.26471159605588E-07 	437 	5.26471159605588E-07 	
0.438 	5.3915312233768E-07 	438 	5.3915312233768E-07 	
0.439 	5.19850729609787E-07 	439 	5.19850729609787E-07 	
0.44 	5.34093281476296E-07 	440 	5.34093281476296E-07 	
0.441 	5.20535806090437E-07 	441 	5.20535806090437E-07 	
0.442 	5.23250435572659E-07 	442 	5.23250435572659E-07 	
0.443 	5.1581639325589E-07 	443 	5.1581639325589E-07 	
0.444 	5.32125514603927E-07 	444 	5.32125514603927E-07 	
0.445 	5.45294211385613E-07 	445 	5.45294211385613E-07 	
0.446 	5.45747177794247E-07 	446 	5.45747177794247E-07 	
0.447 	5.47662559558801E-07 	447 	5.47662559558801E-07 	
0.448 	5.13877138194845E-07 	448 	5.13877138194845E-07 	
0.449 	5.28959472138271E-07 	449 	5.28959472138271E-07 	
0.45 	5.3041749225623E-07 	450 	5.3041749225623E-07 	
0.451 	5.15518543920436E-07 	451 	5.15518543920436E-07 	
0.452 	5.31512128400302E-07 	452 	5.31512128400302E-07 	
0.453 	5.33989356460021E-07 	453 	5.33989356460021E-07 	
0.454 	5.13140867452897E-07 	454 	5.13140867452897E-07 	
0.455 	5.6849217323412E-07 	455 	5.6849217323412E-07 	
0.456 	5.32787764252379E-07 	456 	5.32787764252379E-07 	
0.457 	5.42315153084135E-07 	457 	5.42315153084135E-07 	
0.458 	5.32070634909507E-07 	458 	5.32070634909507E-07 	
0.459 	5.31152358656705E-07 	459 	5.31152358656705E-07 	
0.46 	5.36106771134553E-07 	460 	5.36106771134553E-07 	
0.461 	4.99904684692098E-07 	461 	4.99904684692098E-07 	
0.462 	5.21148021249554E-07 	462 	5.21148021249554E-07 	
0.463 	5.321702786022E-07 	463 	5.321702786022E-07 	
0.464 	5.15710808064314E-07 	464 	5.15710808064314E-07 	
0.465 	5.26582671243844E-07 	465 	5.26582671243844E-07 	
0.466 	5.56331223450144E-07 	466 	5.56331223450144E-07 	
0.467 	5.21888291293834E-07 	467 	5.21888291293834E-07 	
0.468 	5.23864416918191E-07 	468 	5.23864416918191E-07 	
0.469 	5.31643116864644E-07 	469 	5.31643116864644E-07 	
0.47 	5.350354688353E-07 	470 	5.350354688353E-07 	
0.471 	5.34022854022966E-07 	471 	5.34022854022966E-07 	
0.472 	5.27187826939658E-07 	472 	5.27187826939658E-07 	
0.473 	5.33015026039849E-07 	473 	5.33015026039849E-07 	
0.474 	4.91227468163758E-07 	474 	4.91227468163758E-07 	
0.475 	5.19998160999587E-07 	475 	5.19998160999587E-07 	
0.476 	5.32562285567667E-07 	476 	5.32562285567667E-07 	
0.477 	4.90206237587306E-07 	477 	4.90206237587306E-07 	
0.478 	5.18009994726241E-07 	478 	5.18009994726241E-07 	
0.479 	5.31882723892887E-07 	479 	5.31882723892887E-07 	
0.48 	5.0153604368368E-07 	480 	5.0153604368368E-07 	
0.481 	5.16197947302044E-07 	481 	5.16197947302044E-07 	
0.482 	5.11557647454969E-07 	482 	5.11557647454969E-07 	
0.483 	4.93210183089352E-07 	483 	4.93210183089352E-07 	
0.484 	4.37148392122497E-07 	484 	4.37148392122497E-07 	
0.485 	5.02818026349318E-07 	485 	5.02818026349318E-07 	
0.486 	5.09490090190448E-07 	486 	5.09490090190448E-07 	
0.487 	4.84061436698846E-07 	487 	4.84061436698846E-07 	
0.488 	5.5276291547448E-07 	488 	5.5276291547448E-07 	
0.489 	5.38476658572771E-07 	489 	5.38476658572771E-07 	
0.49 	5.20163955575174E-07 	490 	5.20163955575174E-07 	
0.491 	4.86841460936075E-07 	491 	4.86841460936075E-07 	
0.492 	5.00478424035041E-07 	492 	5.00478424035041E-07 	
0.493 	5.22806654605915E-07 	493 	5.22806654605915E-07 	
0.494 	4.6602138657859E-07 	494 	4.6602138657859E-07 	
0.495 	6.37132916259137E-07 	495 	6.37132916259137E-07 	
0.496 	5.81722964317475E-07 	496 	5.81722964317475E-07 	
0.497 	6.25899410668688E-07 	497 	6.25899410668688E-07 	
0.498 	1.49377537543884E-06 	498 	1.49377537543884E-06 	
0.499 	3.39806113136421E-07 	499 	3.39806113136421E-07 	
0.5 	3.51667261124021E-07 	500 	3.51667261124021E-07 	
0.501 	3.39806113136421E-07 	501 	3.39806113136421E-07 	
0.502 	1.49377537543884E-06 	502 	1.49377537543884E-06 	
0.503 	6.25899410668688E-07 	503 	6.25899410668688E-07 	
0.504 	5.81722964317475E-07 	504 	5.81722964317475E-07 	
0.505 	6.37132916259137E-07 	505 	6.37132916259137E-07 	
0.506 	4.6602138657859E-07 	506 	4.6602138657859E-07 	
0.507 	5.22806654605915E-07 	507 	5.22806654605915E-07 	
0.508 	5.00478424035041E-07 	508 	5.00478424035041E-07 	
0.509 	4.86841460936075E-07 	509 	4.86841460936075E-07 	
0.51 	5.20163955575174E-07 	510 	5.20163955575174E-07 	
0.511 	5.38476658572771E-07 	511 	5.38476658572771E-07 	
0.512 	5.5276291547448E-07 	512 	5.5276291547448E-07 	
0.513 	4.84061436698846E-07 	513 	4.84061436698846E-07 	
0.514 	5.09490090190448E-07 	514 	5.09490090190448E-07 	
0.515 	5.02818026349318E-07 	515 	5.02818026349318E-07 	
0.516 	4.37148392122497E-07 	516 	4.37148392122497E-07 	
0.517 	4.93210183089352E-07 	517 	4.93210183089352E-07 	
0.518 	5.11557647454969E-07 	518 	5.11557647454969E-07 	
0.519 	5.16197947302044E-07 	519 	5.16197947302044E-07 	
0.52 	5.0153604368368E-07 	520 	5.0153604368368E-07 	
0.521 	5.31882723892887E-07 	521 	5.31882723892887E-07 	
0.522 	5.18009994726241E-07 	522 	5.18009994726241E-07 	
0.523 	4.90206237587306E-07 	523 	4.90206237587306E-07 	
0.524 	5.32562285567667E-07 	524 	5.32562285567667E-07 	
0.525 	5.19998160999587E-07 	525 	5.19998160999587E-07 	
0.526 	4.91227468163758E-07 	526 	4.91227468163758E-07 	
0.527 	5.33015026039849E-07 	527 	5.33015026039849E-07 	
0.528 	5.27187826939658E-07 	528 	5.27187826939658E-07 	
0.529 	5.34022854022966E-07 	529 	5.34022854022966E-07 	
0.53 	5.350354688353E-07 	530 	5.350354688353E-07 	
0.531 	5.31643116864644E-07 	531 	5.31643116864644E-07 	
0.532 	5.23864416918191E-07 	532 	5.23864416918191E-07 	
0.533 	5.21888291293834E-07 	533 	5.21888291293834E-07 	
0.534 	5.56331223450144E-07 	534 	5.56331223450144E-07 	
0.535 	5.26582671243844E-07 	535 	5.26582671243844E-07 	
0.536 	5.15710808064314E-07 	536 	5.15710808064314E-07 	
0.537 	5.321702786022E-07 	537 	5.321702786022E-07 	
0.538 	5.21148021249554E-07 	538 	5.21148021249554E-07 	
0.539 	4.99904684692098E-07 	539 	4.99904684692098E-07 	
0.54 	5.36106771134553E-07 	540 	5.36106771134553E-07 	
0.541 	5.31152358656705E-07 	541 	5.31152358656705E-07 	
0.542 	5.32070634909507E-07 	542 	5.32070634909507E-07 	
0.543 	5.42315153084135E-07 	543 	5.42315153084135E-07 	
0.544 	5.32787764252379E-07 	544 	5.32787764252379E-07 	
0.545 	5.6849217323412E-07 	545 	5.6849217323412E-07 	
0.546 	5.13140867452897E-07 	546 	5.13140867452897E-07 	
0.547 	5.33989356460021E-07 	547 	5.33989356460021E-07 	
0.548 	5.31512128400302E-07 	548 	5.31512128400302E-07 	
0.549 	5.15518543920436E-07 	549 	5.15518543920436E-07 	
0.55 	5.3041749225623E-07 	550 	5.3041749225623E-07 	
0.551 	5.28959472138271E-07 	551 	5.28959472138271E-07 	
0.552 	5.13877138194845E-07 	552 	5.13877138194845E-07 	
0.553 	5.47662559558801E-07 	553 	5.47662559558801E-07 	
0.554 	5.45747177794247E-07 	554 	5.45747177794247E-07 	
0.555 	5.45294211385613E-07 	555 	5.45294211385613E-07 	
0.556 	5.32125514603927E-07 	556 	5.32125514603927E-07 	
0.557 	5.1581639325589E-07 	557 	5.1581639325589E-07 	
0.558 	5.23250435572659E-07 	558 	5.23250435572659E-07 	
0.559 	5.20535806090437E-07 	559 	5.20535806090437E-07 	
0.56 	5.34093281476296E-07 	560 	5.34093281476296E-07 	
0.561 	5.19850729609787E-07 	561 	5.19850729609787E-07 	
0.562 	5.3915312233768E-07 	562 	5.3915312233768E-07 	
0.563 	5.26471159605588E-07 	563 	5.26471159605588E-07 	
0.564 	5.5015166862705E-07 	564 	5.5015166862705E-07 	
0.565 	5.5763739379143E-07 	565 	5.5763739379143E-07 	
0.566 	5.35011748057336E-07 	566 	5.35011748057336E-07 	
0.567 	5.61471296011727E-07 	567 	5.61471296011727E-07 	
0.568 	5.53471023025227E-07 	568 	5.53471023025227E-07 	
0.569 	5.53967472563132E-07 	569 	5.53967472563132E-07 	
0.57 	5.51230437968146E-07 	570 	5.51230437968146E-07 	
0.571 	5.45800078485785E-07 	571 	5.45800078485785E-07 	
0.572 	5.57424075134677E-07 	572 	5.57424075134677E-07 	
0.573 	5.68345431763913E-07 	573 	5.68345431763913E-07 	
0.574 	5.61241694444448E-07 	574 	5.61241694444448E-07 	
0.575 	5.48539695008033E-07 	575 	5.48539695008033E-07 	
0.576 	5.52042259516387E-07 	576 	5.52042259516387E-07 	
0.577 	5.60630691951793E-07 	577 	5.60630691951793E-07 	
0.578 	5.66517942253168E-07 	578 	5.66517942253168E-07 	
0.579 	5.40394572702339E-07 	579 	5.40394572702339E-07 	
0.58 	5.47255280434798E-07 	580 	5.47255280434798E-07 	
0.581 	5.7324132451058E-07 	581 	5.7324132451058E-07 	
0.582 	5.58649264439706E-07 	582 	5.58649264439706E-07 	
0.583 	5.63434709481683E-07 	583 	5.63434709481683E-07 	
0.584 	5.8656784257188E-07 	584 	5.8656784257188E-07 	
0.585 	5.57866615813478E-07 	585 	5.57866615813478E-07 	
0.586 	5.76116240847568E-07 	586 	5.76116240847568E-07 	
0.587 	5.70881285067064E-07 	587 	5.70881285067064E-07 	
0.588 	5.58805013512834E-07 	588 	5.58805013512834E-07 	
0.589 	5.50387124129911E-07 	589 	5.50387124129911E-07 	
0.59 	5.48510371677916E-07 	590 	5.48510371677916E-07 	
0.591 	5.30186287620366E-07 	591 	5.30186287620366E-07 	
0.592 	6.21400186411123E-07 	592 	6.21400186411123E-07 	
0.593 	5.81222974802704E-07 	593 	5.81222974802704E-07 	
0.594 	5.91981503261382E-07 	594 	5.91981503261382E-07 	
0.595 	6.72661231534423E-07 	595 	6.72661231534423E-07 	
0.596 	5.71152922359801E-07 	596 	5.71152922359801E-07 	
0.597 	5.84065656699007E-07 	597 	5.84065656699007E-07 	
0.598 	6.5672080084727E-07 	598 	6.5672080084727E-07 	
0.599 	8.5088490233166E-07 	599 	8.5088490233166E-07 	
0.6 	6.33171651659885E-07 	600 	6.33171651659885E-07 	
0.601 	5.74681744132779E-07 	601 	5.74681744132779E-07 	
0.602 	4.97098895140686E-07 	602 	4.97098895140686E-07 	
0.603 	6.14070647146739E-07 	603 	6.14070647146739E-07 	
0.604 	5.81659951318492E-07 	604 	5.81659951318492E-07 	
0.605 	5.94944705272454E-07 	605 	5.94944705272454E-07 	
0.606 	6.31867990068231E-07 	606 	6.31867990068231E-07 	
0.607 	6.09484651357376E-07 	607 	6.09484651357376E-07 	
0.608 	6.06750546521064E-07 	608 	6.06750546521064E-07 	
0.609 	6.02444277103014E-07 	609 	6.02444277103014E-07 	
0.61 	6.11059300195282E-07 	610 	6.11059300195282E-07 	
0.611 	6.30885979845467E-07 	611 	6.30885979845467E-07 	
0.612 	6.39999945154629E-07 	612 	6.39999945154629E-07 	
0.613 	6.22920714345175E-07 	613 	6.22920714345175E-07 	
0.614 	6.31326310197608E-07 	614 	6.31326310197608E-07 	
0.615 	6.16046433779416E-07 	615 	6.16046433779416E-07 	
0.616 	6.14940856949335E-07 	616 	6.14940856949335E-07 	
0.617 	6.27385884008777E-07 	617 	6.27385884008777E-07 	
0.618 	6.21997422394727E-07 	618 	6.21997422394727E-07 	
0.619 	6.33093905441866E-07 	619 	6.33093905441866E-07 	
0.62 	6.21115035382469E-07 	620 	6.21115035382469E-07 	
0.621 	6.21938350025368E-07 	621 	6.21938350025368E-07 	
0.622 	6.39649824363428E-07 	622 	6.39649824363428E-07 	
0.623 	6.68714537054641E-07 	623 	6.68714537054641E-07 	
0.624 	6.39733400951169E-07 	624 	6.39733400951169E-07 	
0.625 	6.42908007464389E-07 	625 	6.42908007464389E-07 	
0.626 	6.64256591582967E-07 	626 	6.64256591582967E-07 	
0.627 	6.80472411817796E-07 	627 	6.80472411817796E-07 	
0.628 	6.40612697024527E-07 	628 	6.40612697024527E-07 	
0.629 	6.55338418292333E-07 	629 	6.55338418292333E-07 	
0.63 	6.5854893114818E-07 	630 	6.5854893114818E-07 	
0.631 	6.60568502441733E-07 	631 	6.60568502441733E-07 	
0.632 	6.58695399590754E-07 	632 	6.58695399590754E-07 	
0.633 	6.38919407538011E-07 	633 	6.38919407538011E-07 	
0.634 	6.83097853915286E-07 	634 	6.83097853915286E-07 	
0.635 	6.7484156542386E-07 	635 	6.7484156542386E-07 	
0.636 	6.86725736869493E-07 	636 	6.86725736869493E-07 	
0.637 	6.48767305015472E-07 	637 	6.48767305015472E-07 	
0.638 	6.50767707638293E-07 	638 	6.50767707638293E-07 	
0.639 	6.84575730754293E-07 	639 	6.84575730754293E-07 	
0.64 	6.88821382110075E-07 	640 	6.88821382110075E-07 	
0.641 	6.63133209432365E-07 	641 	6.63133209432365E-07 	
0.642 	6.65100715411076E-07 	642 	6.65100715411076E-07 	
0.643 	6.91279189817798E-07 	643 	6.91279189817798E-07 	
0.644 	7.10593670857442E-07 	644 	7.10593670857442E-07 	
0.645 	6.73760195224645E-07 	645 	6.73760195224645E-07 	
0.646 	7.46765730954926E-07 	646 	7.46765730954926E-07 	
0.647 	6.87472129002857E-07 	647 	6.87472129002857E-07 	
0.648 	6.96977889989443E-07 	648 	6.96977889989443E-07 	
0.649 	6.90716456927015E-07 	649 	6.90716456927015E-07 	
0.65 	7.14152312298042E-07 	650 	7.14152312298042E-07 	
0.651 	7.13110486605558E-07 	651 	7.13110486605558E-07 	
0.652 	7.25131749537613E-07 	652 	7.25131749537613E-07 	
0.653 	7.34084538767307E-07 	653 	7.34084538767307E-07 	
0.654 	7.13379244736581E-07 	654 	7.13379244736581E-07 	
0.655 	7.34935931706036E-07 	655 	7.34935931706036E-07 	
0.656 	7.12056882409652E-07 	656 	7.12056882409652E-07 	
0.657 	7.39874445433535E-07 	657 	7.39874445433535E-07 	
0.658 	7.5879027753222E-07 	658 	7.5879027753222E-07 	
0.659 	7.46296313539595E-07 	659 	7.46296313539595E-07 	
0.66 	7.59968875551477E-07 	660 	7.59968875551477E-07 	
0.661 	7.56994945395934E-07 	661 	7.56994945395934E-07 	
0.662 	7.49647566882946E-07 	662 	7.49647566882946E-07 	
0.663 	7.79469400639117E-07 	663 	7.79469400639117E-07 	
0.664 	7.57048619665104E-07 	664 	7.57048619665104E-07 	
0.665 	7.79051559405652E-07 	665 	7.79051559405652E-07 	
0.666 	7.70919677441966E-07 	666 	7.70919677441966E-07 	
0.667 	7.77300114913303E-07 	667 	7.77300114913303E-07 	
0.668 	7.85096064767243E-07 	668 	7.85096064767243E-07 	
0.669 	7.80067919323957E-07 	669 	7.80067919323957E-07 	
0.67 	7.90501566011149E-07 	670 	7.90501566011149E-07 	
0.671 	7.82471664325197E-07 	671 	7.82471664325197E-07 	
0.672 	7.86468130672434E-07 	672 	7.86468130672434E-07 	
0.673 	7.72950301645583E-07 	673 	7.72950301645583E-07 	
0.674 	8.13119917283458E-07 	674 	8.13119917283458E-07 	
0.675 	8.12608876287697E-07 	675 	8.12608876287697E-07 	
0.676 	8.07720470461757E-07 	676 	8.07720470461757E-07 	
0.677 	8.12293664150916E-07 	677 	8.12293664150916E-07 	
0.678 	8.13951358772875E-07 	678 	8.13951358772875E-07 	
0.679 	7.95346349333276E-07 	679 	7.95346349333276E-07 	
0.68 	8.02965292798291E-07 	680 	8.02965292798291E-07 	
0.681 	8.00025979512987E-07 	681 	8.00025979512987E-07 	
0.682 	8.42094016772836E-07 	682 	8.42094016772836E-07 	
0.683 	8.73385348847891E-07 	683 	8.73385348847891E-07 	
0.684 	7.83421525928006E-07 	684 	7.83421525928006E-07 	
0.685 	9.22615731462102E-07 	685 	9.22615731462102E-07 	
0.686 	8.58408959523713E-07 	686 	8.58408959523713E-07 	
0.687 	8.37306644622294E-07 	687 	8.37306644622294E-07 	
0.688 	8.65962568212635E-07 	688 	8.65962568212635E-07 	
0.689 	8.74281906379085E-07 	689 	8.74281906379085E-07 	
0.69 	8.44430149428132E-07 	690 	8.44430149428132E-07 	
0.691 	8.37487048749366E-07 	691 	8.37487048749366E-07 	
0.692 	1.48338272044598E-06 	692 	1.48338272044598E-06 	
0.693 	1.00561101999826E-06 	693 	1.00561101999826E-06 	
0.694 	1.01918536598662E-06 	694 	1.01918536598662E-06 	
0.695 	1.22370547485445E-06 	695 	1.22370547485445E-06 	
0.696 	8.21788356995303E-07 	696 	8.21788356995303E-07 	
0.697 	8.68002757207013E-07 	697 	8.68002757207013E-07 	
0.698 	8.21346605161811E-07 	698 	8.21346605161811E-07 	
0.699 	9.68864725956454E-06 	699 	9.68864725956454E-06 	
0.7 	1.33738699867465E-06 	700 	1.33738699867465E-06 	
0.701 	1.21381994560296E-06 	701 	1.21381994560296E-06 	
0.702 	1.60602821236192E-06 	702 	1.60602821236192E-06 	
0.703 	6.25436768186095E-07 	703 	6.25436768186095E-07 	
0.704 	8.48348409250439E-07 	704 	8.48348409250439E-07 	
0.705 	9.07980914177429E-07 	705 	9.07980914177429E-07 	
0.706 	9.34781039250634E-07 	706 	9.34781039250634E-07 	
0.707 	9.68463367290784E-07 	707 	9.68463367290784E-07 	
0.708 	1.0014178156584E-06 	708 	1.0014178156584E-06 	
0.709 	1.08595687636615E-06 	709 	1.08595687636615E-06 	
0.71 	8.6401313730019E-07 	710 	8.6401313730019E-07 	
0.711 	9.92240609013616E-07 	711 	9.92240609013616E-07 	
0.712 	1.01271498941781E-06 	712 	1.01271498941781E-06 	
0.713 	9.00057483195102E-07 	713 	9.00057483195102E-07 	
0.714 	1.05155286676576E-06 	714 	1.05155286676576E-06 	
0.715 	1.10224397927328E-06 	715 	1.10224397927328E-06 	
0.716 	1.0620050492267E-06 	716 	1.0620050492267E-06 	
0.717 	1.0419720740049E-06 	717 	1.0419720740049E-06 	
0.718 	1.06794160669071E-06 	718 	1.06794160669071E-06 	
0.719 	1.08378495912666E-06 	719 	1.08378495912666E-06 	
0.72 	1.04103840076967E-06 	720 	1.04103840076967E-06 	
0.721 	1.10461766821698E-06 	721 	1.10461766821698E-06 	
0.722 	1.11082899142203E-06 	722 	1.11082899142203E-06 	
0.723 	1.12791305827042E-06 	723 	1.12791305827042E-06 	
0.724 	1.15565194196844E-06 	724 	1.15565194196844E-06 	
0.725 	1.15085081264112E-06 	725 	1.15085081264112E-06 	
0.726 	1.16375496523539E-06 	726 	1.16375496523539E-06 	
0.727 	1.15107684663294E-06 	727 	1.15107684663294E-06 	
0.728 	1.17576422312552E-06 	728 	1.17576422312552E-06 	
0.729 	1.22358711149585E-06 	729 	1.22358711149585E-06 	
0.73 	1.17336388853774E-06 	730 	1.17336388853774E-06 	
0.731 	1.21067541601901E-06 	731 	1.21067541601901E-06 	
0.732 	1.2518900578818E-06 	732 	1.2518900578818E-06 	
0.733 	1.21175409148058E-06 	733 	1.21175409148058E-06 	
0.734 	1.25330744252498E-06 	734 	1.25330744252498E-06 	
0.735 	1.25422325254892E-06 	735 	1.25422325254892E-06 	
0.736 	1.295558775545E-06 	736 	1.295558775545E-06 	
0.737 	1.26253646242677E-06 	737 	1.26253646242677E-06 	
0.738 	1.32910956057147E-06 	738 	1.32910956057147E-06 	
0.739 	1.30856043211829E-06 	739 	1.30856043211829E-06 	
0.74 	1.29736992393802E-06 	740 	1.29736992393802E-06 	
0.741 	1.32704849388251E-06 	741 	1.32704849388251E-06 	
0.742 	1.36280354588716E-06 	742 	1.36280354588716E-06 	
0.743 	1.35322464693637E-06 	743 	1.35322464693637E-06 	
0.744 	1.34392300362974E-06 	744 	1.34392300362974E-06 	
0.745 	1.41611268047364E-06 	745 	1.41611268047364E-06 	
0.746 	1.40702382819809E-06 	746 	1.40702382819809E-06 	
0.747 	1.42247509664818E-06 	747 	1.42247509664818E-06 	
0.748 	1.42512799542197E-06 	748 	1.42512799542197E-06 	
0.749 	1.43643465974827E-06 	749 	1.43643465974827E-06 	
0.75 	1.44545486464667E-06 	750 	1.44545486464667E-06 	
0.751 	1.45492879286818E-06 	751 	1.45492879286818E-06 	
0.752 	1.50575408369174E-06 	752 	1.50575408369174E-06 	
0.753 	1.52730241904961E-06 	753 	1.52730241904961E-06 	
0.754 	1.51342178752755E-06 	754 	1.51342178752755E-06 	
0.755 	1.52440216841191E-06 	755 	1.52440216841191E-06 	
0.756 	1.63188038069697E-06 	756 	1.63188038069697E-06 	
0.757 	1.61887928675653E-06 	757 	1.61887928675653E-06 	
0.758 	1.63018995260328E-06 	758 	1.63018995260328E-06 	
0.759 	1.65321687047191E-06 	759 	1.65321687047191E-06 	
0.76 	1.67166861013332E-06 	760 	1.67166861013332E-06 	
0.761 	1.61577065994191E-06 	761 	1.61577065994191E-06 	
0.762 	1.69903671530249E-06 	762 	1.69903671530249E-06 	
0.763 	1.70843905474081E-06 	763 	1.70843905474081E-06 	
0.764 	1.71202911300882E-06 	764 	1.71202911300882E-06 	
0.765 	1.75525256130048E-06 	765 	1.75525256130048E-06 	
0.766 	1.70907693413832E-06 	766 	1.70907693413832E-06 	
0.767 	1.86647127805715E-06 	767 	1.86647127805715E-06 	
0.768 	1.82147015040919E-06 	768 	1.82147015040919E-06 	
0.769 	1.81271340660345E-06 	769 	1.81271340660345E-06 	
0.77 	1.88048361240292E-06 	770 	1.88048361240292E-06 	
0.771 	1.95626499174911E-06 	771 	1.95626499174911E-06 	
0.772 	1.87391996815581E-06 	772 	1.87391996815581E-06 	
0.773 	1.97959673357598E-06 	773 	1.97959673357598E-06 	
0.774 	1.98197717726467E-06 	774 	1.98197717726467E-06 	
0.775 	1.97663035577174E-06 	775 	1.97663035577174E-06 	
0.776 	2.04630818639658E-06 	776 	2.04630818639658E-06 	
0.777 	2.04405610179093E-06 	777 	2.04405610179093E-06 	
0.778 	2.12248599658714E-06 	778 	2.12248599658714E-06 	
0.779 	2.14655845495666E-06 	779 	2.14655845495666E-06 	
0.78 	2.21336591137286E-06 	780 	2.21336591137286E-06 	
0.781 	2.1874978435413E-06 	781 	2.1874978435413E-06 	
0.782 	2.22586654858349E-06 	782 	2.22586654858349E-06 	
0.783 	2.26191148637831E-06 	783 	2.26191148637831E-06 	
0.784 	2.30481314861946E-06 	784 	2.30481314861946E-06 	
0.785 	2.3149110438043E-06 	785 	2.3149110438043E-06 	
0.786 	2.44605293548928E-06 	786 	2.44605293548928E-06 	
0.787 	2.49801205186265E-06 	787 	2.49801205186265E-06 	
0.788 	2.46297575662667E-06 	788 	2.46297575662667E-06 	
0.789 	2.66804590031425E-06 	789 	2.66804590031425E-06 	
0.79 	2.66850810720959E-06 	790 	2.66850810720959E-06 	
0.791 	2.64568302195793E-06 	791 	2.64568302195793E-06 	
0.792 	2.56623424115573E-06 	792 	2.56623424115573E-06 	
0.793 	2.93000389971176E-06 	793 	2.93000389971176E-06 	
0.794 	3.01983388986611E-06 	794 	3.01983388986611E-06 	
0.795 	3.12258330629595E-06 	795 	3.12258330629595E-06 	
0.796 	3.38842108648257E-06 	796 	3.38842108648257E-06 	
0.797 	3.75369620696455E-06 	797 	3.75369620696455E-06 	
0.798 	4.67298501414744E-06 	798 	4.67298501414744E-06 	
0.799 	1.48219854493776E-05 	799 	1.48219854493776E-05 	
0.8 	6.06123373791289E-07 	800 	6.06123373791289E-07 	
0.801 	1.76300284210305E-06 	801 	1.76300284210305E-06 	
0.802 	2.17685221917847E-06 	802 	2.17685221917847E-06 	
0.803 	2.82316845229704E-06 	803 	2.82316845229704E-06 	
0.804 	2.7068464694562E-06 	804 	2.7068464694562E-06 	
0.805 	2.78181848106144E-06 	805 	2.78181848106144E-06 	
0.806 	2.88098815790216E-06 	806 	2.88098815790216E-06 	
0.807 	2.97417063873766E-06 	807 	2.97417063873766E-06 	
0.808 	3.07703469059269E-06 	808 	3.07703469059269E-06 	
0.809 	3.13557909175592E-06 	809 	3.13557909175592E-06 	
0.81 	3.27831153435469E-06 	810 	3.27831153435469E-06 	
0.811 	3.35237127012442E-06 	811 	3.35237127012442E-06 	
0.812 	3.5045468465288E-06 	812 	3.5045468465288E-06 	
0.813 	3.52054981781913E-06 	813 	3.52054981781913E-06 	
0.814 	3.63077078833896E-06 	814 	3.63077078833896E-06 	
0.815 	3.71611694773107E-06 	815 	3.71611694773107E-06 	
0.816 	3.75455204110175E-06 	816 	3.75455204110175E-06 	
0.817 	4.0022230523842E-06 	817 	4.0022230523842E-06 	
0.818 	3.98926393289358E-06 	818 	3.98926393289358E-06 	
0.819 	4.08915231489845E-06 	819 	4.08915231489845E-06 	
0.82 	4.53533678917053E-06 	820 	4.53533678917053E-06 	
0.821 	4.27491934150852E-06 	821 	4.27491934150852E-06 	
0.822 	4.46819637175714E-06 	822 	4.46819637175714E-06 	
0.823 	4.47302328260546E-06 	823 	4.47302328260546E-06 	
0.824 	4.71694045426069E-06 	824 	4.71694045426069E-06 	
0.825 	4.74538852667324E-06 	825 	4.74538852667324E-06 	
0.826 	4.88362500652989E-06 	826 	4.88362500652989E-06 	
0.827 	5.01182304229533E-06 	827 	5.01182304229533E-06 	
0.828 	5.19302622099006E-06 	828 	5.19302622099006E-06 	
0.829 	5.32400750907909E-06 	829 	5.32400750907909E-06 	
0.83 	5.38853716921433E-06 	830 	5.38853716921433E-06 	
0.831 	5.65787563629807E-06 	831 	5.65787563629807E-06 	
0.832 	5.72423780483529E-06 	832 	5.72423780483529E-06 	
0.833 	5.88131243320438E-06 	833 	5.88131243320438E-06 	
0.834 	6.13304686210886E-06 	834 	6.13304686210886E-06 	
0.835 	6.22273108306288E-06 	835 	6.22273108306288E-06 	
0.836 	6.47088983066676E-06 	836 	6.47088983066676E-06 	
0.837 	6.73466033462679E-06 	837 	6.73466033462679E-06 	
0.838 	6.81803530484582E-06 	838 	6.81803530484582E-06 	
0.839 	7.13252673608236E-06 	839 	7.13252673608236E-06 	
0.84 	7.32965307913608E-06 	840 	7.32965307913608E-06 	
0.841 	7.66490098033862E-06 	841 	7.66490098033862E-06 	
0.842 	7.85217713975605E-06 	842 	7.85217713975605E-06 	
0.843 	8.02711163040846E-06 	843 	8.02711163040846E-06 	
0.844 	8.41209868859129E-06 	844 	8.41209868859129E-06 	
0.845 	8.6360839972877E-06 	845 	8.6360839972877E-06 	
0.846 	9.04231299009657E-06 	846 	9.04231299009657E-06 	
0.847 	9.2729639475338E-06 	847 	9.2729639475338E-06 	
0.848 	9.8069894689056E-06 	848 	9.8069894689056E-06 	
0.849 	1.01899413025521E-05 	849 	1.01899413025521E-05 	
0.85 	1.05746882365947E-05 	850 	1.05746882365947E-05 	
0.851 	1.09324495933925E-05 	851 	1.09324495933925E-05 	
0.852 	1.14318301325485E-05 	852 	1.14318301325485E-05 	
0.853 	1.19558713601927E-05 	853 	1.19558713601927E-05 	
0.854 	1.23023444595453E-05 	854 	1.23023444595453E-05 	
0.855 	1.29435049456103E-05 	855 	1.29435049456103E-05 	
0.856 	1.34430758964434E-05 	856 	1.34430758964434E-05 	
0.857 	1.40326112021714E-05 	857 	1.40326112021714E-05 	
0.858 	1.47939992984112E-05 	858 	1.47939992984112E-05 	
0.859 	1.54997075401225E-05 	859 	1.54997075401225E-05 	
0.86 	1.63499683069132E-05 	860 	1.63499683069132E-05 	
0.861 	1.70886396696449E-05 	861 	1.70886396696449E-05 	
0.862 	1.80119044832784E-05 	862 	1.80119044832784E-05 	
0.863 	1.90055969679125E-05 	863 	1.90055969679125E-05 	
0.864 	2.00348693624585E-05 	864 	2.00348693624585E-05 	
0.865 	2.13877104579783E-05 	865 	2.13877104579783E-05 	
0.866 	2.26535493836245E-05 	866 	2.26535493836245E-05 	
0.867 	2.38892789159001E-05 	867 	2.38892789159001E-05 	
0.868 	2.54655394895654E-05 	868 	2.54655394895654E-05 	
0.869 	2.71445520954068E-05 	869 	2.71445520954068E-05 	
0.87 	2.89880380917687E-05 	870 	2.89880380917687E-05 	
0.871 	3.08617007807892E-05 	871 	3.08617007807892E-05 	
0.872 	3.34807753024215E-05 	872 	3.34807753024215E-05 	
0.873 	3.59908169153968E-05 	873 	3.59908169153968E-05 	
0.874 	3.87317874995389E-05 	874 	3.87317874995389E-05 	
0.875 	4.20225975742235E-05 	875 	4.20225975742235E-05 	
0.876 	4.53343287579208E-05 	876 	4.53343287579208E-05 	
0.877 	4.94892739771822E-05 	877 	4.94892739771822E-05 	
0.878 	5.39413043806671E-05 	878 	5.39413043806671E-05 	
0.879 	5.98748525492999E-05 	879 	5.98748525492999E-05 	
0.88 	6.63464440957823E-05 	880 	6.63464440957823E-05 	
0.881 	7.30729350091446E-05 	881 	7.30729350091446E-05 	
0.882 	8.21602333146993E-05 	882 	8.21602333146993E-05 	
0.883 	9.16445042489591E-05 	883 	9.16445042489591E-05 	
0.884 	0.000103753737952478 	884 	0.000103753737952478 	
0.885 	0.000118485640862837 	885 	0.000118485640862837 	
0.886 	0.0001368738456179 	886 	0.0001368738456179 	
0.887 	0.000158846790942747 	887 	0.000158846790942747 	
0.888 	0.000188225252753986 	888 	0.000188225252753986 	
0.889 	0.000227427443373954 	889 	0.000227427443373954 	
0.89 	0.000273361805575024 	890 	0.000273361805575024 	
0.891 	0.000341212726075878 	891 	0.000341212726075878 	
0.892 	0.000437578664246904 	892 	0.000437578664246904 	
0.893 	0.000574649100782681 	893 	0.000574649100782681 	
0.894 	0.000799776842277466 	894 	0.000799776842277466 	
0.895 	0.0011825356012358 	895 	0.0011825356012358 	
0.896 	0.0019256403901417 	896 	0.0019256403901417 	
0.897 	0.00365388309491758 	897 	0.00365388309491758 	
0.898 	0.00947514903833577 	898 	0.00947514903833577 	
0.899 	0.0613251743483958 	899 	0.0613251743483958 	
0.9 	0.204566944010159 	900 	0.204566944010159 	
0.901 	0.0139541473034276 	901 	0.0139541473034276 	
0.902 	0.00464572816378085 	902 	0.00464572816378085 	
0.903 	0.0023200589646731 	903 	0.0023200589646731 	
0.904 	0.00135296517599711 	904 	0.00135296517599711 	
0.905 	0.000896374874174448 	905 	0.000896374874174448 	
0.906 	0.00063731124016865 	906 	0.00063731124016865 	
0.907 	0.000482296131906387 	907 	0.000482296131906387 	
0.908 	0.000372873384180808 	908 	0.000372873384180808 	
0.909 	0.000298022372328526 	909 	0.000298022372328526 	
0.91 	0.000245053112605973 	910 	0.000245053112605973 	
0.911 	0.000200795050586407 	911 	0.000200795050586407 	
0.912 	0.000170849267843836 	912 	0.000170849267843836 	
0.913 	0.000146410574438175 	913 	0.000146410574438175 	
0.914 	0.000126899661664364 	914 	0.000126899661664364 	
0.915 	0.000111119982423479 	915 	0.000111119982423479 	
0.916 	9.82330212096033E-05 	916 	9.82330212096033E-05 	
0.917 	8.79082445756723E-05 	917 	8.79082445756723E-05 	
0.918 	7.82054149282176E-05 	918 	7.82054149282176E-05 	
0.919 	7.06192499641415E-05 	919 	7.06192499641415E-05 	
0.92 	6.4133775783067E-05 	920 	6.4133775783067E-05 	
0.921 	5.83314688348137E-05 	921 	5.83314688348137E-05 	
0.922 	5.34672565494784E-05 	922 	5.34672565494784E-05 	
0.923 	4.9249130796572E-05 	923 	4.9249130796572E-05 	
0.924 	4.52238356044802E-05 	924 	4.52238356044802E-05 	
0.925 	4.20538351576152E-05 	925 	4.20538351576152E-05 	
0.926 	3.90105761140669E-05 	926 	3.90105761140669E-05 	
0.927 	3.62642446311674E-05 	927 	3.62642446311674E-05 	
0.928 	3.39798333745638E-05 	928 	3.39798333745638E-05 	
0.929 	3.17585228764634E-05 	929 	3.17585228764634E-05 	
0.93 	2.96691427322382E-05 	930 	2.96691427322382E-05 	
0.931 	2.8075811274624E-05 	931 	2.8075811274624E-05 	
0.932 	2.65608089236299E-05 	932 	2.65608089236299E-05 	
0.933 	2.50401475266826E-05 	933 	2.50401475266826E-05 	
0.934 	2.35555006901331E-05 	934 	2.35555006901331E-05 	
0.935 	2.24277830021446E-05 	935 	2.24277830021446E-05 	
0.936 	2.1251502686528E-05 	936 	2.1251502686528E-05 	
0.937 	2.04218988382696E-05 	937 	2.04218988382696E-05 	
0.938 	1.93729343506082E-05 	938 	1.93729343506082E-05 	
0.939 	1.85286391096293E-05 	939 	1.85286391096293E-05 	
0.94 	1.78381916738407E-05 	940 	1.78381916738407E-05 	
0.941 	1.69029073095215E-05 	941 	1.69029073095215E-05 	
0.942 	1.63345855207447E-05 	942 	1.63345855207447E-05 	
0.943 	1.56644708895349E-05 	943 	1.56644708895349E-05 	
0.944 	1.47848461995531E-05 	944 	1.47848461995531E-05 	
0.945 	1.43439246722693E-05 	945 	1.43439246722693E-05 	
0.946 	1.38848791122294E-05 	946 	1.38848791122294E-05 	
0.947 	1.32306157046221E-05 	947 	1.32306157046221E-05 	
0.948 	1.2862589737588E-05 	948 	1.2862589737588E-05 	
0.949 	1.25511687888893E-05 	949 	1.25511687888893E-05 	
0.95 	1.2149092679414E-05 	950 	1.2149092679414E-05 	
0.951 	1.16934189824059E-05 	951 	1.16934189824059E-05 	
0.952 	1.12258669486239E-05 	952 	1.12258669486239E-05 	
0.953 	1.0917540088052E-05 	953 	1.0917540088052E-05 	
0.954 	1.06736956151359E-05 	954 	1.06736956151359E-05 	
0.955 	1.03594900544494E-05 	955 	1.03594900544494E-05 	
0.956 	1.00645483747286E-05 	956 	1.00645483747286E-05 	
0.957 	9.79852144844211E-06 	957 	9.79852144844211E-06 	
0.958 	9.38779885665604E-06 	958 	9.38779885665604E-06 	
0.959 	9.36149572953574E-06 	959 	9.36149572953574E-06 	
0.96 	9.13472101790192E-06 	960 	9.13472101790192E-06 	
0.961 	8.71593139663402E-06 	961 	8.71593139663402E-06 	
0.962 	8.7762983231847E-06 	962 	8.7762983231847E-06 	
0.963 	8.47240098877457E-06 	963 	8.47240098877457E-06 	
0.964 	8.2399167633346E-06 	964 	8.2399167633346E-06 	
0.965 	8.05745645545631E-06 	965 	8.05745645545631E-06 	
0.966 	8.02354202567006E-06 	966 	8.02354202567006E-06 	
0.967 	7.75899040611012E-06 	967 	7.75899040611012E-06 	
0.968 	7.59646352920116E-06 	968 	7.59646352920116E-06 	
0.969 	7.47877297003006E-06 	969 	7.47877297003006E-06 	
0.97 	7.28223169995775E-06 	970 	7.28223169995775E-06 	
0.971 	7.19590896893573E-06 	971 	7.19590896893573E-06 	
0.972 	7.12845674496134E-06 	972 	7.12845674496134E-06 	
0.973 	7.04894252513442E-06 	973 	7.04894252513442E-06 	
0.974 	6.9323244747683E-06 	974 	6.9323244747683E-06 	
0.975 	6.82561087321572E-06 	975 	6.82561087321572E-06 	
0.976 	6.72250396157604E-06 	976 	6.72250396157604E-06 	
0.977 	6.62618567658564E-06 	977 	6.62618567658564E-06 	
0.978 	6.55188860385313E-06 	978 	6.55188860385313E-06 	
0.979 	6.3069051722722E-06 	979 	6.3069051722722E-06 	
0.98 	6.5844132773032E-06 	980 	6.5844132773032E-06 	
0.981 	6.34606417510286E-06 	981 	6.34606417510286E-06 	
0.982 	6.33471540914988E-06 	982 	6.33471540914988E-06 	
0.983 	6.29091604434093E-06 	983 	6.29091604434093E-06 	
0.984 	6.1724860234182E-06 	984 	6.1724860234182E-06 	
0.985 	6.04804667484311E-06 	985 	6.04804667484311E-06 	
0.986 	5.99181114760544E-06 	986 	5.99181114760544E-06 	
0.987 	6.0624922227088E-06 	987 	6.0624922227088E-06 	
0.988 	6.04066934830015E-06 	988 	6.04066934830015E-06 	
0.989 	5.96931001372762E-06 	989 	5.96931001372762E-06 	
0.99 	5.80719477323899E-06 	990 	5.80719477323899E-06 	
0.991 	5.81625582204277E-06 	991 	5.81625582204277E-06 	
0.992 	5.85163476670909E-06 	992 	5.85163476670909E-06 	
0.993 	5.89687248491197E-06 	993 	5.89687248491197E-06 	
0.994 	5.72333554823979E-06 	994 	5.72333554823979E-06 	
0.995 	5.61275029955982E-06 	995 	5.61275029955982E-06 	
0.996 	5.58560653680708E-06 	996 	5.58560653680708E-06 	
0.997 	6.02433490122759E-06 	997 	6.02433490122759E-06 	
0.998 	5.88995877469452E-06 	998 	5.88995877469452E-06 	
0.999 	5.82436679321554E-06 	999 	5.82436679321554E-06 	
