40000 1709065408
40000 1709065409
40016 1709065410
40007 1709065411
40010 1709065412
40010 1709065413
40006 1709065414
40002 1709065415
40003 1709065416
40003 1709065417
40004 1709065418
40005 1709065419
40004 1709065420
40005 1709065421
640 1709065422
3160 1709065422
40009 1709065422
40004 1709065423
40003 1709065424
40003 1709065425
40002 1709065426
40010 1709065427
40010 1709065428
1800 1709065429
40005 1709065429
40004 1709065430
40005 1709065431
40004 1709065432
40005 1709065433
40003 1709065434
40004 1709065435
40004 1709065436
40005 1709065437
40003 1709065438
40006 1709065439
40004 1709065440
40008 1709065441
40008 1709065442
40004 1709065443
40005 1709065444
40004 1709065445
40008 1709065446
40008 1709065447
40001 1709065448
40008 1709065449
40007 1709065450
40003 1709065451
40007 1709065452
40005 1709065453
40001 1709065454
40010 1709065455
40007 1709065456
40008 1709065457
40004 1709065458
40008 1709065460
40003 1709065461
40009 1709065462
40005 1709065463
40008 1709065464
40006 1709065465
40008 1709065466
40003 1709065467
40004 1709065468
40005 1709065469
40005 1709065470
40005 1709065471
40005 1709065472
40007 1709065473
40007 1709065474
40004 1709065475
40004 1709065476
40003 1709065477
40006 1709065478
40005 1709065479
40004 1709065480
40003 1709065481
40007 1709065482
40004 1709065483
40006 1709065484
40011 1709065485
40005 1709065486
40008 1709065487
40001 1709065488
40006 1709065489
40004 1709065490
40009 1709065491
40005 1709065492
40003 1709065493
40005 1709065494
40000 1709065495
40006 1709065496
2880 1709065497
40010 1709065497
40006 1709065498
40005 1709065499
40003 1709065500
40003 1709065501
40007 1709065502
40004 1709065503
40006 1709065504
40008 1709065505
40005 1709065506
40 1709065506
840 1709065507
40005 1709065507
40005 1709065508
40007 1709065509
40004 1709065510
40007 1709065511
40006 1709065512
40005 1709065513
40005 1709065514
40005 1709065515
40007 1709065516
40005 1709065517
40006 1709065518
1920 1709065518
40009 1709065519
40000 1709065520
40010 1709065521
40007 1709065522
40007 1709065523
40008 1709065524
40005 1709065525
40007 1709065526
40004 1709065527
40004 1709065528
40005 1709065529
40007 1709065530
40004 1709065531
40005 1709065532
40007 1709065533
40007 1709065534
40006 1709065535
40005 1709065536
40006 1709065537
40008 1709065538
40004 1709065539
40003 1709065540
40009 1709065541
40008 1709065542
40007 1709065543
40004 1709065544
40007 1709065545
40008 1709065546
40006 1709065547
40005 1709065548
40004 1709065549
40004 1709065550
40006 1709065551
40004 1709065552
40003 1709065553
40004 1709065554
40004 1709065555
40004 1709065556
40005 1709065557
40004 1709065558
40006 1709065559
40006 1709065560
40005 1709065561
40008 1709065562
40004 1709065563
40004 1709065564
40005 1709065565
40004 1709065566
40005 1709065567
40004 1709065568
40007 1709065569
40010 1709065570
40004 1709065571
40004 1709065572
40005 1709065573
40007 1709065574
40006 1709065575
40003 1709065576
40002 1709065577
40006 1709065578
40004 1709065579
40006 1709065580
40001 1709065581
40007 1709065582
40010 1709065583
1320 1709065584
40006 1709065584
40005 1709065585
40002 1709065586
40006 1709065587
40006 1709065588
40004 1709065589
40003 1709065590
40007 1709065591
40008 1709065592
40009 1709065593
40006 1709065594
40003 1709065595
40005 1709065596
40006 1709065597
40004 1709065598
40003 1709065599
40010 1709065600
40004 1709065601
40005 1709065602
40009 1709065603
1120 1709065604
40004 1709065604
40005 1709065605
40006 1709065606
40006 1709065607
40005 1709065608
40006 1709065609
40005 1709065610
40014 1709065611
40008 1709065612
40004 1709065613
40005 1709065614
40004 1709065615
40002 1709065616
40003 1709065617
40008 1709065618
40009 1709065619
40006 1709065620
40002 1709065621
40008 1709065622
40004 1709065623
40005 1709065624
40004 1709065625
40005 1709065626
40007 1709065627
40010 1709065628
40006 1709065629
40004 1709065630
40003 1709065631
40006 1709065632
40004 1709065633
40007 1709065634
40005 1709065635
40002 1709065636
40008 1709065637
40005 1709065638
40004 1709065639
40004 1709065640
40006 1709065641
40004 1709065642
40005 1709065643
40005 1709065644
40003 1709065645
40004 1709065646
40003 1709065647
40001 1709065648
40005 1709065649
40006 1709065650
40007 1709065651
40004 1709065652
40004 1709065653
40006 1709065654
40005 1709065655
40004 1709065656
40003 1709065657
40006 1709065658
40003 1709065659
40009 1709065660
40006 1709065661
40003 1709065662
40002 1709065663
40002 1709065664
40004 1709065665
40006 1709065666
40003 1709065667
40007 1709065668
40005 1709065669
40006 1709065670
40003 1709065671
40010 1709065672
40004 1709065673
40001 1709065674
40005 1709065675
40001 1709065676
40007 1709065677
40010 1709065678
40005 1709065679
40006 1709065680
40005 1709065681
40007 1709065682
40007 1709065683
40008 1709065684
40004 1709065685
40004 1709065686
40002 1709065687
40007 1709065688
40005 1709065689
40007 1709065690
40009 1709065691
40007 1709065692
40009 1709065693
640 1709065694
40003 1709065694
40008 1709065695
40004 1709065696
40004 1709065697
40005 1709065698
40009 1709065699
40004 1709065700
40004 1709065701
40005 1709065702
40003 1709065703
40002 1709065704
40003 1709065705
40007 1709065706
40004 1709065707
40010 1709065708
40005 1709065709
40005 1709065710
40009 1709065711
40007 1709065712
40005 1709065713
40007 1709065714
40000 1709065715
40006 1709065716
40006 1709065717
40003 1709065718
40007 1709065719
40007 1709065720
40003 1709065721
40008 1709065722
40007 1709065723
40011 1709065724
40005 1709065725
40002 1709065726
40006 1709065727
40007 1709065728
40005 1709065729
40004 1709065730
40010 1709065731
40003 1709065732
40004 1709065733
40007 1709065734
40008 1709065735
40006 1709065736
40006 1709065737
40005 1709065738
40004 1709065739
40003 1709065740
40002 1709065741
40003 1709065742
40007 1709065743
40005 1709065744
40006 1709065745
40007 1709065746
40005 1709065747
40006 1709065748
40004 1709065749
40005 1709065750
40003 1709065751
40004 1709065752
40007 1709065754
40007 1709065755
120 1709065755
40009 1709065756
40007 1709065757
40009 1709065758
40007 1709065759
40003 1709065760
40006 1709065761
40004 1709065762
40006 1709065763
40010 1709065764
40002 1709065765
40004 1709065766
40003 1709065767
40008 1709065768
40007 1709065769
40006 1709065770
40003 1709065771
40003 1709065772
40002 1709065773
40002 1709065774
40004 1709065775
40005 1709065776
40007 1709065777
40006 1709065778
40006 1709065779
40007 1709065780
40006 1709065781
40003 1709065782
40006 1709065783
40004 1709065784
40004 1709065785
40004 1709065786
40003 1709065787
40004 1709065788
40004 1709065789
40005 1709065790
40006 1709065791
40004 1709065792
40005 1709065793
40003 1709065794
40004 1709065795
40005 1709065796
40005 1709065797
40005 1709065798
40004 1709065799
40005 1709065800
40006 1709065801
40002 1709065802
40009 1709065803
40005 1709065804
40007 1709065805
40002 1709065806
40003 1709065807
40006 1709065808
40007 1709065809
40005 1709065810
40003 1709065811
40002 1709065812
40008 1709065813
40005 1709065814
40009 1709065815
40010 1709065816
40003 1709065817
40006 1709065818
40004 1709065819
40006 1709065820
40007 1709065821
40004 1709065822
40007 1709065823
40007 1709065824
40006 1709065825
1600 1709065826
40008 1709065826
40003 1709065827
40001 1709065828
40002 1709065829
40004 1709065830
40003 1709065831
40004 1709065832
40004 1709065833
40004 1709065834
40002 1709065835
40004 1709065836
40004 1709065837
40003 1709065838
40006 1709065839
40004 1709065840
40003 1709065841
40002 1709065842
40004 1709065843
40006 1709065844
40007 1709065845
40004 1709065846
40007 1709065847
40005 1709065848
40005 1709065849
40005 1709065850
40002 1709065851
40003 1709065852
40005 1709065853
40002 1709065854
40006 1709065855
40004 1709065856
40003 1709065857
40006 1709065858
40003 1709065859
40007 1709065860
40004 1709065861
40005 1709065862
40006 1709065863
40010 1709065864
40005 1709065865
40001 1709065866
40006 1709065867
40004 1709065868
40007 1709065869
40005 1709065870
800 1709065871
40013 1709065871
40001 1709065872
80 1709065873
40004 1709065873
40007 1709065874
40004 1709065875
40004 1709065876
40004 1709065877
40006 1709065878
1880 1709065878
40007 1709065879
40006 1709065880
40007 1709065881
40002 1709065882
40009 1709065883
40007 1709065884
40007 1709065885
40009 1709065886
40006 1709065887
40004 1709065888
40003 1709065889
40006 1709065890
40005 1709065891
40009 1709065892
40007 1709065893
40002 1709065894
40005 1709065895
40006 1709065896
40007 1709065897
40008 1709065898
40006 1709065899
40003 1709065900
40005 1709065901
40008 1709065902
40007 1709065903
40008 1709065904
40007 1709065905
40005 1709065906
40006 1709065907
40009 1709065908
620 1709065909
40005 1709065909
40005 1709065910
40003 1709065911
40004 1709065912
40006 1709065913
40006 1709065914
40005 1709065915
40005 1709065916
40005 1709065917
40008 1709065918
40007 1709065919
40006 1709065920
40005 1709065921
40002 1709065922
40004 1709065923
40003 1709065924
40003 1709065925
40007 1709065926
40003 1709065927
40007 1709065928
40003 1709065929
40007 1709065930
40005 1709065931
40006 1709065932
40004 1709065933
40004 1709065934
40007 1709065935
40003 1709065936
40005 1709065937
40005 1709065938
40007 1709065939
40006 1709065940
40009 1709065941
40002 1709065942
40006 1709065943
40006 1709065944
40000 1709065945
40013 1709065946
40006 1709065947
40006 1709065948
40006 1709065949
40005 1709065950
40005 1709065951
40006 1709065952
40007 1709065953
40003 1709065954
40007 1709065955
40006 1709065956
40006 1709065957
40005 1709065958
40004 1709065959
40007 1709065960
40002 1709065961
40007 1709065962
40006 1709065963
40006 1709065964
40006 1709065965
40001 1709065966
40006 1709065967
40007 1709065968
40008 1709065969
40007 1709065970
40005 1709065971
40005 1709065972
40006 1709065973
40005 1709065974
40007 1709065975
40005 1709065976
40005 1709065977
40002 1709065978
40007 1709065979
40002 1709065980
40002 1709065981
40005 1709065982
40006 1709065983
40004 1709065984
40005 1709065985
40005 1709065986
40005 1709065987
40002 1709065988
40002 1709065989
40004 1709065990
40004 1709065991
40003 1709065992
40006 1709065993
40007 1709065994
40004 1709065995
40007 1709065996
40006 1709065997
40006 1709065998
40005 1709065999
40001 1709066000
40004 1709066001
40003 1709066002
40010 1709066003
40006 1709066004
40004 1709066005
40009 1709066006
40006 1709066007
40005 1709066008
40006 1709066009
40005 1709066010
40003 1709066011
40006 1709066012
40002 1709066013
40008 1709066014
40002 1709066015
40005 1709066016
40005 1709066017
40005 1709066018
40003 1709066019
40007 1709066020
40003 1709066021
40007 1709066022
40002 1709066023
40005 1709066024
40004 1709066025
40008 1709066026
40005 1709066027
40006 1709066028
40006 1709066029
40009 1709066030
40003 1709066031
40005 1709066032
40001 1709066033
40005 1709066034
40003 1709066035
40010 1709066036
40002 1709066038
40003 1709066039
40002 1709066040
40008 1709066041
40005 1709066042
40004 1709066043
40008 1709066044
40004 1709066045
40004 1709066046
40007 1709066047
40007 1709066048
40006 1709066049
40012 1709066050
40005 1709066051
40006 1709066052
280 1709066052
40009 1709066053
40007 1709066054
40003 1709066055
40007 1709066056
40006 1709066057
40003 1709066058
2720 1709066058
40008 1709066059
40008 1709066060
40006 1709066061
40005 1709066062
40005 1709066063
40009 1709066064
40004 1709066065
40007 1709066066
40004 1709066067
40005 1709066068
40004 1709066069
40008 1709066070
40003 1709066071
40008 1709066072
40005 1709066073
40001 1709066074
40007 1709066075
40007 1709066076
40002 1709066077
40002 1709066078
40005 1709066079
40004 1709066080
40003 1709066081
40008 1709066082
40005 1709066083
40006 1709066084
40003 1709066085
40006 1709066086
40001 1709066087
40005 1709066088
40001 1709066089
40006 1709066090
40005 1709066091
40005 1709066092
40004 1709066093
40008 1709066094
40003 1709066095
40005 1709066096
40005 1709066097
40007 1709066098
40008 1709066099
40012 1709066100
40012 1709066101
40003 1709066102
40005 1709066103
40005 1709066104
40010 1709066105
40003 1709066106
40003 1709066107
40005 1709066108
40008 1709066109
40007 1709066110
40005 1709066111
40002 1709066112
40003 1709066113
40006 1709066114
40006 1709066115
40002 1709066116
40009 1709066117
40005 1709066118
40008 1709066119
40005 1709066120
40005 1709066121
40007 1709066122
40004 1709066123
40003 1709066124
40010 1709066125
40005 1709066126
40004 1709066127
40003 1709066128
40007 1709066129
40005 1709066130
40009 1709066131
40003 1709066132
40003 1709066133
40008 1709066134
40005 1709066135
40005 1709066136
40002 1709066137
40005 1709066138
40003 1709066139
40004 1709066140
40007 1709066141
40003 1709066142
40006 1709066143
40008 1709066144
40003 1709066145
40004 1709066146
40005 1709066147
40004 1709066148
40006 1709066149
40003 1709066150
40006 1709066151
40002 1709066152
60 1709066153
40004 1709066153
40004 1709066154
40004 1709066155
40004 1709066156
40007 1709066157
40008 1709066158
40008 1709066159
40005 1709066160
40003 1709066161
780 1709066162
40008 1709066162
80 1709066162
40002 1709066163
40005 1709066164
40004 1709066165
40006 1709066166
40003 1709066167
40003 1709066168
40002 1709066169
40009 1709066170
40006 1709066171
40004 1709066172
40005 1709066173
40004 1709066174
40008 1709066175
40004 1709066176
40006 1709066177
40004 1709066178
40004 1709066179
40007 1709066180
40005 1709066181
40003 1709066182
40004 1709066183
40006 1709066184
40006 1709066185
40003 1709066186
40003 1709066187
40004 1709066188
8220 1709066189
40005 1709066189
60 1709066190
40007 1709066190
40001 1709066191
40000 1709066192
40000 1709066193
40000 1709066194
