40000 1709066365
40000 1709066366
40088 1709066367
100 1709066368
40073 1709066368
40066 1709066369
40071 1709066370
40055 1709066371
40066 1709066372
40069 1709066373
40053 1709066374
40061 1709066375
40055 1709066376
40053 1709066377
40067 1709066378
40055 1709066379
40065 1709066380
40061 1709066381
40065 1709066382
40049 1709066383
40052 1709066384
40054 1709066385
40065 1709066386
40046 1709066387
40062 1709066388
40052 1709066389
40061 1709066390
40065 1709066391
40062 1709066392
40050 1709066393
40058 1709066394
40047 1709066395
40056 1709066396
13500 1709066397
40058 1709066397
40057 1709066398
300 1709066399
40048 1709066399
17800 1709066400
40068 1709066400
40065 1709066401
40062 1709066402
40068 1709066403
80 1709066404
40054 1709066404
40056 1709066405
40063 1709066406
40062 1709066407
40071 1709066408
40049 1709066409
40059 1709066410
40052 1709066411
40060 1709066412
1760 1709066413
40057 1709066413
40052 1709066414
40053 1709066415
40077 1709066416
40074 1709066417
40047 1709066418
40059 1709066419
14720 1709066420
40067 1709066420
40049 1709066421
40071 1709066422
40066 1709066423
40054 1709066424
40063 1709066425
40055 1709066426
4480 1709066427
40055 1709066427
40064 1709066428
40062 1709066429
40059 1709066430
40061 1709066431
40063 1709066432
40051 1709066433
40061 1709066434
40078 1709066435
40066 1709066436
40052 1709066437
40059 1709066438
40065 1709066439
40058 1709066440
40063 1709066441
40 1709066442
40068 1709066442
40070 1709066443
40063 1709066444
40048 1709066446
40061 1709066447
40055 1709066448
40058 1709066449
40065 1709066450
40070 1709066451
40064 1709066452
40 1709066452
40060 1709066453
40060 1709066454
40075 1709066455
40060 1709066456
40069 1709066457
40068 1709066458
40057 1709066459
40078 1709066460
40066 1709066461
40061 1709066462
10780 1709066462
40068 1709066463
16100 1709066463
40047 1709066464
40064 1709066465
40048 1709066466
40051 1709066467
40062 1709066468
40063 1709066469
40063 1709066470
40053 1709066471
40068 1709066472
17780 1709066472
40058 1709066473
40064 1709066474
40069 1709066475
40060 1709066476
40071 1709066477
40064 1709066478
40060 1709066479
40056 1709066480
40070 1709066481
40054 1709066482
40055 1709066483
3320 1709066483
40070 1709066484
40063 1709066485
40058 1709066486
40075 1709066487
40 1709066487
40065 1709066488
8120 1709066488
40074 1709066489
40050 1709066490
40067 1709066491
40066 1709066492
40071 1709066493
40065 1709066494
40068 1709066495
40046 1709066496
12740 1709066496
40059 1709066497
40068 1709066498
40066 1709066499
40054 1709066500
40055 1709066501
15780 1709066502
40053 1709066502
40060 1709066503
40055 1709066504
40063 1709066505
40065 1709066506
40061 1709066507
40058 1709066508
40 1709066508
3400 1709066508
40070 1709066509
40063 1709066510
40058 1709066511
40052 1709066512
40051 1709066513
40044 1709066514
40064 1709066515
1440 1709066515
40072 1709066516
40054 1709066517
40061 1709066518
40071 1709066519
40053 1709066520
40053 1709066521
40065 1709066522
40057 1709066523
40019 1709066524
