40000 1709066649
40000 1709066650
40005 1709066651
40004 1709066652
40005 1709066653
40003 1709066654
40005 1709066655
40007 1709066656
4340 1709066657
40005 1709066657
40004 1709066658
40003 1709066659
40005 1709066660
40003 1709066661
40008 1709066662
40004 1709066663
40005 1709066664
40008 1709066665
40006 1709066666
40003 1709066667
40004 1709066668
40002 1709066669
40009 1709066670
40005 1709066671
40003 1709066672
40004 1709066673
40004 1709066674
40002 1709066675
40004 1709066676
40001 1709066677
40002 1709066678
40005 1709066679
40001 1709066680
40002 1709066681
40005 1709066682
40003 1709066683
40002 1709066684
40007 1709066685
40003 1709066686
40005 1709066687
40005 1709066688
40004 1709066689
40001 1709066690
3760 1709066691
40005 1709066691
40006 1709066692
40003 1709066693
40002 1709066694
40003 1709066695
40001 1709066696
40003 1709066697
40003 1709066698
40000 1709066699
40002 1709066700
3380 1709066701
40002 1709066701
40004 1709066702
40003 1709066703
40004 1709066704
40005 1709066706
40004 1709066707
40002 1709066708
40006 1709066709
40004 1709066710
40003 1709066711
40002 1709066712
40003 1709066713
880 1709066713
40007 1709066714
40000 1709066715
40004 1709066716
40004 1709066717
40005 1709066718
40004 1709066719
40005 1709066720
40002 1709066721
40004 1709066722
40002 1709066723
40003 1709066724
40002 1709066725
40003 1709066726
40002 1709066727
40006 1709066728
40005 1709066729
40004 1709066730
40002 1709066731
40002 1709066732
40003 1709066733
40006 1709066734
40003 1709066735
40005 1709066736
40001 1709066737
40005 1709066738
40004 1709066739
40006 1709066740
40003 1709066741
40007 1709066742
40000 1709066743
40004 1709066744
40006 1709066745
40004 1709066746
40008 1709066747
40002 1709066748
40005 1709066749
40004 1709066750
40001 1709066751
40008 1709066752
40002 1709066753
40007 1709066754
40005 1709066755
40003 1709066756
40004 1709066757
40002 1709066758
40001 1709066759
40002 1709066760
40002 1709066761
40002 1709066762
40003 1709066763
40001 1709066764
40002 1709066765
40008 1709066766
40003 1709066767
40003 1709066768
40004 1709066769
40003 1709066770
40004 1709066771
40003 1709066772
40005 1709066773
40000 1709066774
40003 1709066775
40003 1709066776
40002 1709066777
40006 1709066778
40005 1709066779
40005 1709066780
40003 1709066781
40002 1709066782
40005 1709066783
40001 1709066784
40006 1709066785
40003 1709066786
40002 1709066787
40005 1709066788
40006 1709066789
40005 1709066790
40007 1709066791
40009 1709066792
40007 1709066793
40003 1709066794
40002 1709066795
40005 1709066796
40003 1709066797
40001 1709066798
40006 1709066799
40003 1709066800
40003 1709066801
40004 1709066802
40005 1709066803
40001 1709066804
40001 1709066805
40001 1709066806
40007 1709066807
40007 1709066808
40003 1709066809
40001 1709066810
40007 1709066811
40004 1709066812
40004 1709066813
40007 1709066814
40007 1709066815
40000 1709066816
40004 1709066817
40004 1709066818
40006 1709066819
40004 1709066820
40001 1709066821
40003 1709066822
40006 1709066823
40001 1709066824
40006 1709066825
40002 1709066826
40003 1709066827
40004 1709066828
40005 1709066829
40003 1709066830
40003 1709066831
40007 1709066832
40002 1709066833
40001 1709066834
40003 1709066835
40011 1709066836
40002 1709066837
2740 1709066837
40007 1709066838
40000 1709066839
40003 1709066840
40003 1709066841
40002 1709066842
40005 1709066843
40007 1709066844
40003 1709066845
40005 1709066846
40005 1709066847
40007 1709066848
40004 1709066849
40003 1709066850
40004 1709066851
40004 1709066852
40008 1709066853
40004 1709066854
40006 1709066855
40001 1709066856
40003 1709066857
40003 1709066858
40006 1709066859
40003 1709066860
40002 1709066861
40002 1709066862
40004 1709066863
40003 1709066864
40003 1709066865
40002 1709066866
40003 1709066867
40005 1709066868
40003 1709066869
40004 1709066870
40003 1709066871
40002 1709066872
40004 1709066873
40003 1709066874
40004 1709066875
40003 1709066876
40000 1709066877
40006 1709066878
40005 1709066879
40005 1709066880
40002 1709066881
40006 1709066882
40003 1709066883
40004 1709066884
40004 1709066885
40008 1709066886
1700 1709066887
40002 1709066887
40004 1709066888
40004 1709066889
40009 1709066890
40005 1709066891
40004 1709066892
40001 1709066893
40004 1709066894
40002 1709066895
40004 1709066896
40004 1709066897
40001 1709066898
40003 1709066899
40004 1709066900
40002 1709066901
40004 1709066902
40004 1709066903
40004 1709066904
40005 1709066905
40003 1709066906
40001 1709066907
40004 1709066908
40003 1709066909
40006 1709066910
40006 1709066911
40002 1709066912
40002 1709066913
40004 1709066914
40004 1709066915
40000 1709066916
40004 1709066917
40005 1709066918
40002 1709066919
40002 1709066920
40003 1709066921
40005 1709066922
40003 1709066923
40000 1709066924
40003 1709066925
40001 1709066926
40005 1709066927
40005 1709066928
40004 1709066929
40005 1709066930
40004 1709066931
40001 1709066932
40004 1709066933
40001 1709066934
40002 1709066935
40005 1709066936
40003 1709066937
40004 1709066938
40005 1709066939
40002 1709066940
40006 1709066941
40001 1709066942
40004 1709066943
40002 1709066944
40002 1709066945
40000 1709066946
40004 1709066947
40002 1709066948
40005 1709066949
40002 1709066950
40004 1709066951
40004 1709066952
40003 1709066953
40000 1709066954
40005 1709066955
40002 1709066956
40007 1709066957
40006 1709066958
40002 1709066959
40000 1709066960
40003 1709066961
40002 1709066962
40006 1709066963
40004 1709066964
40007 1709066965
40001 1709066966
9800 1709066966
40002 1709066967
40004 1709066968
40002 1709066969
40006 1709066970
40003 1709066971
40005 1709066972
40006 1709066973
40006 1709066974
40004 1709066975
40002 1709066976
40002 1709066977
40007 1709066978
40005 1709066979
40002 1709066980
40003 1709066981
40004 1709066982
40002 1709066983
40008 1709066984
40006 1709066985
40006 1709066986
480 1709066986
2040 1709066987
40006 1709066987
40004 1709066988
40002 1709066989
40001 1709066990
40003 1709066991
40004 1709066992
40004 1709066993
40000 1709066994
40010 1709066995
40005 1709066996
40004 1709066997
580 1709066998
40003 1709066998
40002 1709066999
40002 1709067000
40002 1709067001
40000 1709067002
40004 1709067003
40004 1709067004
40006 1709067005
40005 1709067006
500 1709067007
40004 1709067007
40001 1709067008
40004 1709067009
40001 1709067010
40000 1709067011
40003 1709067012
40000 1709067013
40003 1709067014
5540 1709067015
40007 1709067015
40002 1709067016
40004 1709067017
40006 1709067018
40003 1709067019
40003 1709067020
40005 1709067021
40004 1709067022
40001 1709067023
40004 1709067024
40004 1709067025
40008 1709067026
40008 1709067027
40003 1709067028
40004 1709067029
40004 1709067030
40005 1709067031
40003 1709067032
40004 1709067033
40004 1709067034
40004 1709067035
40003 1709067036
40003 1709067037
40003 1709067038
40003 1709067039
40002 1709067040
40000 1709067041
40002 1709067042
40002 1709067043
40001 1709067044
40004 1709067045
40002 1709067046
40002 1709067047
40005 1709067048
40005 1709067050
40005 1709067051
40000 1709067052
40003 1709067053
40002 1709067054
40004 1709067055
40004 1709067056
40001 1709067057
40004 1709067058
40003 1709067059
40004 1709067060
40004 1709067061
40005 1709067062
40003 1709067063
40003 1709067064
40007 1709067065
40002 1709067066
40002 1709067067
40000 1709067068
40003 1709067069
40002 1709067070
40003 1709067071
40003 1709067072
40003 1709067073
40004 1709067074
40001 1709067075
40003 1709067076
40003 1709067077
40004 1709067078
40002 1709067079
40007 1709067080
40002 1709067081
40005 1709067082
40002 1709067083
40001 1709067084
40003 1709067085
40005 1709067086
40006 1709067087
40006 1709067088
40002 1709067089
40003 1709067090
40002 1709067091
40004 1709067092
40003 1709067093
40001 1709067094
40005 1709067095
40006 1709067096
40005 1709067097
40005 1709067098
40002 1709067099
40002 1709067100
40004 1709067101
40002 1709067102
40002 1709067103
40005 1709067104
40006 1709067105
40003 1709067106
40004 1709067107
40003 1709067108
40005 1709067109
40000 1709067110
40003 1709067111
40003 1709067112
40004 1709067113
40000 1709067114
40005 1709067115
40005 1709067116
40006 1709067117
40003 1709067118
40006 1709067119
40003 1709067120
40002 1709067121
40003 1709067122
40001 1709067123
40007 1709067124
40005 1709067125
40004 1709067126
40001 1709067127
40004 1709067128
40006 1709067129
40002 1709067130
40003 1709067131
40004 1709067132
40006 1709067133
40002 1709067134
40003 1709067135
40002 1709067136
40005 1709067137
40002 1709067138
40003 1709067139
40002 1709067140
40006 1709067141
40004 1709067142
40006 1709067143
40003 1709067144
40001 1709067145
40003 1709067146
40002 1709067147
40006 1709067148
40003 1709067149
40004 1709067150
40004 1709067151
40001 1709067152
40004 1709067153
40004 1709067154
40002 1709067155
40006 1709067156
40002 1709067157
40000 1709067158
40005 1709067159
40004 1709067160
40006 1709067161
40001 1709067162
40002 1709067163
40004 1709067164
40006 1709067165
40001 1709067166
40003 1709067167
40003 1709067168
40000 1709067169
40002 1709067170
40003 1709067171
40002 1709067172
40004 1709067173
40004 1709067174
40003 1709067175
40002 1709067176
40001 1709067177
40002 1709067178
40006 1709067179
40002 1709067180
40004 1709067181
40002 1709067182
40004 1709067183
40002 1709067184
40004 1709067185
40004 1709067186
40005 1709067187
40002 1709067188
40001 1709067189
40003 1709067190
620 1709067190
40002 1709067191
40005 1709067192
40004 1709067193
40004 1709067194
240 1709067194
40004 1709067195
40003 1709067196
40005 1709067197
40001 1709067198
40003 1709067199
40008 1709067200
40003 1709067201
40004 1709067202
40005 1709067203
40003 1709067204
40005 1709067205
40005 1709067206
40007 1709067207
40003 1709067208
40003 1709067209
40001 1709067210
40004 1709067211
40005 1709067212
40001 1709067213
40003 1709067214
40005 1709067215
40006 1709067216
40004 1709067217
40007 1709067218
40006 1709067219
40001 1709067220
40004 1709067221
40001 1709067222
40005 1709067223
40002 1709067224
40003 1709067225
40005 1709067226
40001 1709067227
40005 1709067228
40002 1709067229
40005 1709067230
40004 1709067231
40005 1709067232
40008 1709067233
40002 1709067234
40006 1709067235
40003 1709067236
40004 1709067237
40004 1709067238
40001 1709067239
40003 1709067240
40004 1709067241
40005 1709067242
40004 1709067243
40003 1709067244
40003 1709067245
40001 1709067246
40004 1709067247
40004 1709067248
40005 1709067249
40001 1709067250
40008 1709067251
40003 1709067252
40003 1709067253
40007 1709067254
40003 1709067255
40003 1709067256
40001 1709067257
40004 1709067258
40010 1709067259
40003 1709067260
40005 1709067261
40002 1709067262
40005 1709067263
40000 1709067264
40004 1709067265
40002 1709067266
40002 1709067267
40003 1709067268
40003 1709067269
40003 1709067270
40006 1709067271
40003 1709067272
40002 1709067273
240 1709067274
40007 1709067274
40004 1709067275
40002 1709067276
40004 1709067277
40005 1709067278
40005 1709067279
40004 1709067280
40003 1709067281
40002 1709067282
40005 1709067283
40002 1709067284
40001 1709067285
40002 1709067286
40004 1709067287
40005 1709067288
40002 1709067289
1520 1709067290
40001 1709067290
40001 1709067291
40006 1709067292
40006 1709067293
40001 1709067294
40003 1709067295
40004 1709067296
40006 1709067297
40007 1709067298
40008 1709067299
40001 1709067300
40005 1709067301
40004 1709067302
40003 1709067303
40002 1709067304
40006 1709067305
40003 1709067306
40009 1709067307
40000 1709067308
40004 1709067309
40002 1709067310
40003 1709067311
40005 1709067312
40005 1709067313
40004 1709067314
40005 1709067315
40002 1709067316
40002 1709067318
40005 1709067319
40006 1709067320
40007 1709067321
40005 1709067322
40001 1709067323
40006 1709067324
40002 1709067325
40006 1709067326
40004 1709067327
40003 1709067328
40002 1709067329
40005 1709067330
40004 1709067331
40002 1709067332
40005 1709067333
40004 1709067334
40005 1709067335
40004 1709067336
40003 1709067337
40002 1709067338
1680 1709067338
40005 1709067339
180 1709067340
40003 1709067340
40003 1709067341
40002 1709067342
40003 1709067343
40007 1709067344
40002 1709067345
40007 1709067346
40002 1709067347
40003 1709067348
40005 1709067349
40006 1709067350
40002 1709067351
40002 1709067352
40004 1709067353
40003 1709067354
40011 1709067355
40006 1709067356
40002 1709067357
40004 1709067358
40006 1709067359
2840 1709067360
40007 1709067360
40009 1709067361
40003 1709067362
40004 1709067363
40004 1709067364
40005 1709067365
40006 1709067366
40003 1709067367
40001 1709067368
40004 1709067369
40002 1709067370
40002 1709067371
40001 1709067372
40001 1709067373
40008 1709067374
40005 1709067375
40003 1709067376
6780 1709067376
40005 1709067377
40001 1709067378
40002 1709067379
40002 1709067380
40002 1709067381
40004 1709067382
40004 1709067383
40002 1709067384
40003 1709067385
40005 1709067386
40002 1709067387
40003 1709067388
40004 1709067389
40005 1709067390
40001 1709067391
40002 1709067392
40001 1709067393
40006 1709067394
40004 1709067395
40004 1709067396
40003 1709067397
40003 1709067398
40002 1709067399
40002 1709067400
40004 1709067401
40003 1709067402
40007 1709067403
40004 1709067404
40004 1709067405
40004 1709067406
40007 1709067407
40002 1709067408
40004 1709067409
40003 1709067410
40001 1709067411
40004 1709067412
40006 1709067413
40004 1709067414
40002 1709067415
40004 1709067416
40001 1709067417
40004 1709067418
40002 1709067419
40002 1709067420
40003 1709067421
40004 1709067422
40001 1709067423
40004 1709067424
40004 1709067425
40004 1709067426
40002 1709067427
40004 1709067428
40005 1709067429
40002 1709067430
40001 1709067431
40007 1709067432
40008 1709067433
40000 1709067434
40003 1709067435
40008 1709067436
40004 1709067437
40004 1709067438
40004 1709067439
40003 1709067440
40002 1709067441
40005 1709067442
40002 1709067443
40002 1709067444
40004 1709067445
40006 1709067446
40002 1709067447
40004 1709067448
40010 1709067449
40004 1709067450
40003 1709067451
40001 1709067452
40005 1709067453
40002 1709067454
40012 1709067455
40006 1709067456
40006 1709067457
40002 1709067458
40000 1709067459
40008 1709067460
40004 1709067461
40001 1709067462
40004 1709067463
40002 1709067464
40001 1709067465
40003 1709067466
40002 1709067467
40002 1709067468
40004 1709067469
40004 1709067470
40005 1709067471
40006 1709067472
40003 1709067473
40003 1709067474
40003 1709067475
40000 1709067476
40005 1709067477
40002 1709067478
40001 1709067479
40003 1709067480
40003 1709067481
40002 1709067482
40000 1709067483
